C,56,79,246834
C,56,80,249547
C,56,81,216604
C,56,82,215739
C,56,83,235859
C,56,84,239573
C,56,85,225645
C,56,86,223133
C,56,87,220501
C,56,88,223167
C,56,89,227456
C,56,90,237252
C,56,91,215046
C,56,92,225545
C,56,93,217486
C,56,94,220961
C,56,95,213832
C,56,96,213272
C,56,97,217297
C,56,98,243487
C,56,99,238352
C,57,0,202171
C,57,1,219569
C,57,2,229916
C,57,3,213700
C,57,4,201708
C,57,5,219564
C,57,6,214271
C,57,7,220424
C,57,8,227853
C,57,9,223882
C,57,10,228777
C,57,11,201163
C,57,12,218407
C,57,13,214981
C,57,14,224221
C,57,15,216353
C,57,16,220054
C,57,17,188140
C,57,18,209754
C,57,19,218907
C,57,20,195596
C,57,21,212375
C,57,22,215723
C,57,23,200724
C,57,24,248771
C,57,25,240823
C,57,26,228302
C,57,27,213987
C,57,28,210455
C,57,29,211495
C,57,30,220299
C,57,31,226282
C,57,32,219341
C,57,33,217710
C,57,34,197739
C,57,35,233748
C,57,36,223022
C,57,37,210544
C,57,38,202690
C,57,39,212500
C,57,40,218113
C,57,41,198121
C,57,42,209034
C,57,43,223792
C,57,44,225985
C,57,45,182254
C,57,46,221969
C,57,47,228483
C,57,48,218004
C,57,49,242816
C,57,50,215254
C,57,51,197591
C,57,52,213243
C,57,53,209746
C,57,54,241544
C,57,55,205956
C,57,56,213100
C,57,57,194090
C,57,58,225700
C,57,59,216123
C,57,60,210528
C,57,61,192543
C,57,62,220490
C,57,63,191590
C,57,64,223212
C,57,65,226209
C,57,66,225517
C,57,67,218320
C,57,68,219998
C,57,69,203646
C,57,70,205589
C,57,71,241298
C,57,72,195654
C,57,73,253624
C,57,74,233790
C,57,75,228182
C,57,76,196382
C,57,77,210436
C,57,78,226696
C,57,79,236995
C,57,80,238405
C,57,81,187643
C,57,82,216126
C,57,83,241063
C,57,84,228805
C,57,85,212184
C,57,86,213133
C,57,87,228476
C,57,88,204891
C,57,89,208198
C,57,90,232102
C,57,91,211221
C,57,92,199037
C,57,93,216095
C,57,94,201805
C,57,95,217080
C,57,96,201148
C,57,97,211149
C,57,98,234672
C,57,99,231518
C,58,0,200205
C,58,1,223455
C,58,2,234807
C,58,3,194243
C,58,4,220145
C,58,5,239803
C,58,6,228676
C,58,7,215286
C,58,8,230344
C,58,9,223661
C,58,10,253175
C,58,11,213955
C,58,12,249656
C,58,13,209771
C,58,14,221349
C,58,15,226631
C,58,16,209060
C,58,17,210762
C,58,18,227920
C,58,19,246448
C,58,20,209732
C,58,21,224862
C,58,22,228765
C,58,23,212897
C,58,24,241597
C,58,25,236994
C,58,26,229647
C,58,27,235340
C,58,28,218682
C,58,29,239204
C,58,30,238860
C,58,31,220152
C,58,32,233957
C,58,33,227586
C,58,34,220059
C,58,35,234453
C,58,36,238815
C,58,37,216969
C,58,38,206459
C,58,39,227930
C,58,40,240499
C,58,41,212962
C,58,42,241967
C,58,43,229660
C,58,44,224718
C,58,45,206973
C,58,46,204576
C,58,47,223674
C,58,48,220496
C,58,49,224990
C,58,50,223417
C,58,51,200595
C,58,52,225556
C,58,53,238360
C,58,54,250834
C,58,55,222360
C,58,56,207391
C,58,57,238343
C,58,58,222838
C,58,59,233179
C,58,60,225696
C,58,61,198100
C,58,62,230781
C,58,63,207818
C,58,64,225187
C,58,65,238757
C,58,66,207755
C,58,67,230388
C,58,68,244943
C,58,69,217760
C,58,70,226619
C,58,71,241997
C,58,72,209759
C,58,73,249287
C,58,74,231371
C,58,75,247662
C,58,76,211982
C,58,77,222646
C,58,78,247138
C,58,79,239455
C,58,80,244070
C,58,81,221770
C,58,82,227601
C,58,83,245373
C,58,84,228779
C,58,85,218860
C,58,86,246470
C,58,87,210606
C,58,88,219743
C,58,89,225472
C,58,90,245473
C,58,91,228566
C,58,92,210175
C,58,93,213272
C,58,94,230710
C,58,95,229532
C,58,96,215848
C,58,97,215784
C,58,98,238580
C,58,99,233246
C,59,0,215039
C,59,1,233661
C,59,2,240993
C,59,3,202518
C,59,4,231208
C,59,5,248031
C,59,6,234216
C,59,7,229547
C,59,8,244116
C,59,9,215467
C,59,10,250427
C,59,11,222173
C,59,12,271341
C,59,13,220764
C,59,14,222594
C,59,15,220474
C,59,16,236137
C,59,17,205355
C,59,18,227413
C,59,19,245120
C,59,20,209602
C,59,21,232266
C,59,22,237807
C,59,23,225629
C,59,24,256084
C,59,25,244403
C,59,26,244296
C,59,27,247218
C,59,28,242789
C,59,29,242885
C,59,30,236356
C,59,31,224440
C,59,32,244146
C,59,33,236364
C,59,34,223483
C,59,35,251275
C,59,36,254939
C,59,37,214981
C,59,38,223378
C,59,39,223804
C,59,40,251732
C,59,41,213757
C,59,42,241307
C,59,43,235867
C,59,44,226535
C,59,45,230558
C,59,46,221894
C,59,47,221429
C,59,48,228533
C,59,49,234131
C,59,50,234451
C,59,51,197490
C,59,52,226695
C,59,53,221093
C,59,54,248265
C,59,55,254344
C,59,56,220275
C,59,57,220656
C,59,58,241786
C,59,59,248991
C,59,60,225985
C,59,61,220384
C,59,62,258725
C,59,63,215960
C,59,64,241524
C,59,65,241969
C,59,66,230829
C,59,67,229491
C,59,68,261249
C,59,69,217237
C,59,70,219340
C,59,71,255396
C,59,72,228477
C,59,73,265214
C,59,74,250411
C,59,75,253456
C,59,76,203628
C,59,77,234441
C,59,78,245942
C,59,79,249891
C,59,80,260312
C,59,81,223795
C,59,82,227733
C,59,83,269510
C,59,84,238878
C,59,85,233054
C,59,86,236199
C,59,87,231631
C,59,88,226207
C,59,89,242371
C,59,90,241218
C,59,91,231768
C,59,92,215595
C,59,93,229485
C,59,94,218109
C,59,95,228673
C,59,96,215158
C,59,97,221765
C,59,98,244830
C,59,99,239330
C,60,0,228083
C,60,1,223144
C,60,2,262401
C,60,3,226333
C,60,4,259415
C,60,5,253776
C,60,6,249894
C,60,7,234895
C,60,8,244371
C,60,9,230769
C,60,10,250490
C,60,11,239686
C,60,12,281456
C,60,13,242751
C,60,14,251700
C,60,15,238790
C,60,16,245726
C,60,17,216270
C,60,18,260839
C,60,19,255666
C,60,20,230683
C,60,21,246443
C,60,22,250673
C,60,23,238855
C,60,24,260592
C,60,25,260152
C,60,26,237312
C,60,27,252855
C,60,28,253895
C,60,29,260587
C,60,30,261477
C,60,31,242879
C,60,32,262234
C,60,33,241810
C,60,34,230617
C,60,35,266148
C,60,36,248345
C,60,37,246570
C,60,38,247934
C,60,39,256456
C,60,40,259932
C,60,41,235610
C,60,42,258550
C,60,43,240750
C,60,44,258082
C,60,45,248667
C,60,46,225495
C,60,47,244599
C,60,48,243221
C,60,49,234201
C,60,50,250476
C,60,51,226667
C,60,52,226204
C,60,53,245024
C,60,54,263753
C,60,55,263382
C,60,56,254942
C,60,57,257997
C,60,58,246005
C,60,59,254994
C,60,60,259179
C,60,61,225671
C,60,62,260931
C,60,63,212453
C,60,64,251912
C,60,65,242196
C,60,66,254643
C,60,67,239875
C,60,68,257419
C,60,69,235620
C,60,70,232822
C,60,71,268167
C,60,72,227255
C,60,73,275189
C,60,74,247591
C,60,75,265531
C,60,76,225317
C,60,77,239813
C,60,78,256152
C,60,79,271953
C,60,80,249702
C,60,81,231365
C,60,82,251761
C,60,83,281598
C,60,84,263064
C,60,85,245438
C,60,86,255223
C,60,87,254941
C,60,88,247757
C,60,89,246275
C,60,90,267880
C,60,91,234419
C,60,92,238603
C,60,93,228320
C,60,94,243584
C,60,95,243247
C,60,96,243971
C,60,97,236882
C,60,98,263897
C,60,99,263993
C,61,0,207707
C,61,1,206586
C,61,2,226792
C,61,3,214834
C,61,4,220035
C,61,5,223243
C,61,6,221097
C,61,7,222849
C,61,8,216094
C,61,9,216162
C,61,10,230004
C,61,11,207750
C,61,12,239750
C,61,13,220091
C,61,14,223157
C,61,15,221985
C,61,16,212667
C,61,17,203378
C,61,18,224831
C,61,19,228921
C,61,20,213606
C,61,21,236507
C,61,22,214249
C,61,23,215927
C,61,24,247601
C,61,25,242389
C,61,26,226390
C,61,27,223616
C,61,28,217455
C,61,29,226515
C,61,30,250209
C,61,31,222096
C,61,32,242566
C,61,33,231241
C,61,34,219668
C,61,35,222526
C,61,36,242768
C,61,37,218913
C,61,38,220031
C,61,39,235405
C,61,40,226039
C,61,41,216870
C,61,42,237779
C,61,43,229771
C,61,44,223797
C,61,45,216720
C,61,46,218802
C,61,47,231228
C,61,48,222351
C,61,49,217776
C,61,50,223457
C,61,51,209257
C,61,52,230900
C,61,53,222260
C,61,54,232402
C,61,55,228249
C,61,56,230069
C,61,57,230703
C,61,58,236134
C,61,59,227875
C,61,60,216082
C,61,61,190236
C,61,62,232656
C,61,63,197707
C,61,64,223649
C,61,65,226511
C,61,66,227527
C,61,67,219326
C,61,68,232540
C,61,69,196399
C,61,70,224989
C,61,71,233960
C,61,72,198235
C,61,73,259340
C,61,74,241150
C,61,75,223834
C,61,76,208598
C,61,77,216735
C,61,78,247226
C,61,79,235856
C,61,80,230735
C,61,81,215206
C,61,82,213536
C,61,83,253127
C,61,84,233479
C,61,85,221487
C,61,86,221056
C,61,87,226264
C,61,88,220388
C,61,89,222407
C,61,90,235011
C,61,91,217196
C,61,92,221943
C,61,93,215822
C,61,94,229803
C,61,95,217574
C,61,96,207684
C,61,97,213167
C,61,98,228862
C,61,99,235804
C,62,0,217788
C,62,1,210315
C,62,2,237650
C,62,3,204185
C,62,4,229409
C,62,5,243613
C,62,6,225709
C,62,7,226110
C,62,8,229417
C,62,9,222699
C,62,10,243519
C,62,11,222971
C,62,12,240929
C,62,13,214424
C,62,14,227316
C,62,15,223926
C,62,16,223204
C,62,17,201320
C,62,18,243035
C,62,19,244233
C,62,20,197728
C,62,21,241387
C,62,22,230900
C,62,23,223031
C,62,24,254128
C,62,25,235071
C,62,26,228416
C,62,27,233541
C,62,28,238614
C,62,29,236959
C,62,30,238246
C,62,31,213806
C,62,32,232419
C,62,33,229333
C,62,34,210812
C,62,35,209254
C,62,36,239038
C,62,37,218408
C,62,38,211057
C,62,39,230516
C,62,40,235552
C,62,41,213277
C,62,42,247558
C,62,43,225512
C,62,44,231759
C,62,45,210140
C,62,46,208310
C,62,47,221120
C,62,48,216758
C,62,49,224932
C,62,50,235303
C,62,51,209826
C,62,52,233942
C,62,53,228040
C,62,54,249491
C,62,55,222315
C,62,56,209953
C,62,57,234333
C,62,58,233254
C,62,59,228120
C,62,60,227301
C,62,61,211244
C,62,62,251912
C,62,63,208644
C,62,64,217072
C,62,65,232461
C,62,66,219814
C,62,67,239257
C,62,68,243811
C,62,69,215241
C,62,70,217295
C,62,71,247778
C,62,72,212693
C,62,73,249826
C,62,74,231960
C,62,75,242462
C,62,76,222735
C,62,77,213785
C,62,78,251197
C,62,79,238266
C,62,80,243654
C,62,81,217380
C,62,82,213689
C,62,83,249839
C,62,84,237147
C,62,85,217598
C,62,86,245260
C,62,87,242799
C,62,88,225984
C,62,89,234354
C,62,90,242055
C,62,91,235559
C,62,92,212723
C,62,93,224676
C,62,94,224535
C,62,95,226487
C,62,96,213240
C,62,97,210315
C,62,98,242256
C,62,99,254591
C,63,0,183563
C,63,1,204299
C,63,2,212752
C,63,3,190664
C,63,4,207788
C,63,5,196498
C,63,6,207949
C,63,7,187800
C,63,8,194518
C,63,9,201074
C,63,10,211506
C,63,11,206520
C,63,12,212467
C,63,13,194067
C,63,14,183148
C,63,15,201277
C,63,16,180590
C,63,17,181552
C,63,18,204651
C,63,19,193071
C,63,20,183928
C,63,21,214608
C,63,22,192423
C,63,23,198749
C,63,24,230639
C,63,25,207958
C,63,26,204633
C,63,27,198198
C,63,28,220152
C,63,29,201523
C,63,30,218237
C,63,31,194380
C,63,32,211323
C,63,33,211433
C,63,34,171099
C,63,35,205755
C,63,36,225719
C,63,37,202793
C,63,38,195361
C,63,39,201482
C,63,40,208419
C,63,41,185662
C,63,42,223064
C,63,43,223642
C,63,44,207507
C,63,45,193882
C,63,46,194854
C,63,47,204360
C,63,48,197058
C,63,49,209703
C,63,50,190800
C,63,51,162741
C,63,52,186725
C,63,53,200704
C,63,54,218334
C,63,55,205687
C,63,56,207956
C,63,57,196275
C,63,58,197893
C,63,59,210477
C,63,60,193084
C,63,61,170873
C,63,62,208158
C,63,63,186689
C,63,64,196279
C,63,65,196611
C,63,66,203342
C,63,67,201029
C,63,68,217628
C,63,69,191418
C,63,70,203081
C,63,71,226010
C,63,72,187460
C,63,73,217135
C,63,74,211164
C,63,75,196483
C,63,76,191160
C,63,77,184161
C,63,78,210729
C,63,79,206952
C,63,80,204574
C,63,81,200991
C,63,82,201544
C,63,83,219559
C,63,84,206003
C,63,85,202660
C,63,86,198036
C,63,87,206004
C,63,88,196915
C,63,89,193392
C,63,90,197368
C,63,91,197615
C,63,92,186537
C,63,93,190912
C,63,94,198987
C,63,95,192519
C,63,96,184622
C,63,97,184826
C,63,98,209001
C,63,99,203942
C,64,0,219406
C,64,1,210934
C,64,2,232277
C,64,3,212300
C,64,4,239494
C,64,5,238272
C,64,6,221868
C,64,7,247115
C,64,8,234369
C,64,9,233216
C,64,10,239815
C,64,11,223987
C,64,12,251885
C,64,13,224361
C,64,14,237823
C,64,15,221931
C,64,16,221913
C,64,17,197629
C,64,18,231120
C,64,19,217784
C,64,20,208418
C,64,21,221794
C,64,22,225457
C,64,23,220254
C,64,24,259818
C,64,25,223747
C,64,26,248981
C,64,27,225302
C,64,28,242041
C,64,29,248745
C,64,30,246683
C,64,31,218003
C,64,32,239890
C,64,33,224327
C,64,34,204313
C,64,35,226766
C,64,36,239523
C,64,37,228940
C,64,38,239855
C,64,39,237100
C,64,40,257347
C,64,41,212755
C,64,42,255069
C,64,43,228535
C,64,44,232693
C,64,45,209888
C,64,46,226192
C,64,47,234635
C,64,48,227278
C,64,49,221929
C,64,50,230337
C,64,51,195184
C,64,52,215964
C,64,53,231002
C,64,54,255830
C,64,55,240559
C,64,56,228495
C,64,57,207668
C,64,58,235745
C,64,59,236782
C,64,60,220608
C,64,61,217706
C,64,62,243263
C,64,63,205164
C,64,64,233909
C,64,65,230964
C,64,66,216920
C,64,67,226607
C,64,68,226883
C,64,69,219913
C,64,70,219993
C,64,71,244530
C,64,72,201145
C,64,73,252335
C,64,74,239504
C,64,75,242181
C,64,76,196405
C,64,77,235432
C,64,78,234204
C,64,79,256965
C,64,80,246071
C,64,81,225119
C,64,82,235544
C,64,83,257550
C,64,84,249150
C,64,85,246678
C,64,86,225306
C,64,87,222979
C,64,88,225315
C,64,89,232292
C,64,90,244720
C,64,91,234223
C,64,92,204147
C,64,93,221557
C,64,94,234465
C,64,95,222046
C,64,96,212611
C,64,97,199466
C,64,98,255035
C,64,99,233269
C,65,0,213431
C,65,1,237533
C,65,2,229650
C,65,3,220096
C,65,4,237989
C,65,5,239216
C,65,6,223306
C,65,7,224425
C,65,8,234477
C,65,9,235111
C,65,10,262791
C,65,11,217296
C,65,12,240931
C,65,13,242463
C,65,14,235956
C,65,15,222303
C,65,16,210124
C,65,17,213926
C,65,18,224504
C,65,19,236542
C,65,20,212908
C,65,21,223642
C,65,22,218948
C,65,23,238524
C,65,24,247904
C,65,25,244095
C,65,26,230264
C,65,27,242897
C,65,28,243264
C,65,29,238546
C,65,30,259772
C,65,31,221371
C,65,32,243975
C,65,33,236110
C,65,34,218862
C,65,35,238336
C,65,36,268054
C,65,37,221422
C,65,38,212390
C,65,39,240046
C,65,40,246863
C,65,41,227947
C,65,42,250030
C,65,43,244882
C,65,44,227057
C,65,45,213987
C,65,46,233314
C,65,47,231176
C,65,48,222727
C,65,49,232959
C,65,50,240124
C,65,51,205945
C,65,52,230743
C,65,53,222477
C,65,54,247082
C,65,55,232200
C,65,56,218164
C,65,57,208116
C,65,58,231851
C,65,59,231043
C,65,60,226517
C,65,61,212283
C,65,62,252990
C,65,63,203294
C,65,64,244865
C,65,65,229051
C,65,66,223040
C,65,67,236389
C,65,68,241491
C,65,69,198909
C,65,70,220941
C,65,71,247472
C,65,72,216248
C,65,73,244958
C,65,74,230080
C,65,75,227601
C,65,76,213825
C,65,77,222410
C,65,78,237393
C,65,79,236023
C,65,80,253129
C,65,81,217159
C,65,82,226794
C,65,83,239972
C,65,84,236604
C,65,85,229183
C,65,86,235856
C,65,87,219407
C,65,88,245196
C,65,89,234443
C,65,90,251148
C,65,91,226985
C,65,92,217676
C,65,93,232913
C,65,94,226067
C,65,95,222709
C,65,96,212750
C,65,97,217592
C,65,98,234175
C,65,99,235210
C,66,0,175985
C,66,1,195244
C,66,2,208358
C,66,3,180366
C,66,4,191886
C,66,5,209038
C,66,6,194229
C,66,7,196915
C,66,8,192430
C,66,9,197847
C,66,10,216604
C,66,11,186090
C,66,12,205013
C,66,13,193062
C,66,14,193696
C,66,15,193796
C,66,16,184058
C,66,17,167980
C,66,18,175086
C,66,19,211687
C,66,20,186640
C,66,21,186852
C,66,22,197174
C,66,23,179599
C,66,24,211325
C,66,25,216396
C,66,26,197420
C,66,27,185015
C,66,28,188538
C,66,29,199209
C,66,30,209521
C,66,31,179914
C,66,32,206505
C,66,33,184825
C,66,34,182984
C,66,35,190503
C,66,36,196244
C,66,37,182519
C,66,38,190815
C,66,39,206515
C,66,40,208899
C,66,41,177231
C,66,42,209694
C,66,43,209180
C,66,44,189328
C,66,45,180022
C,66,46,191943
C,66,47,194633
C,66,48,185847
C,66,49,204827
C,66,50,201237
C,66,51,175963
C,66,52,214018
C,66,53,189222
C,66,54,195887
C,66,55,189180
C,66,56,189219
C,66,57,193236
C,66,58,195301
C,66,59,202123
C,66,60,197582
C,66,61,171026
C,66,62,200503
C,66,63,177801
C,66,64,209149
C,66,65,189875
C,66,66,191271
C,66,67,201319
C,66,68,223846
C,66,69,186921
C,66,70,206181
C,66,71,227331
C,66,72,188380
C,66,73,236075
C,66,74,216368
C,66,75,207465
C,66,76,188543
C,66,77,189169
C,66,78,205197
C,66,79,228969
C,66,80,214940
C,66,81,178476
C,66,82,194049
C,66,83,194946
C,66,84,212339
C,66,85,172990
C,66,86,190084
C,66,87,206363
C,66,88,185631
C,66,89,193638
C,66,90,227638
C,66,91,189177
C,66,92,189213
C,66,93,194051
C,66,94,184298
C,66,95,194360
C,66,96,199387
C,66,97,199279
C,66,98,214517
C,66,99,208704
C,67,0,211665
C,67,1,221362
C,67,2,246388
C,67,3,206904
C,67,4,236650
C,67,5,248572
C,67,6,233488
C,67,7,217158
C,67,8,225179
C,67,9,210772
C,67,10,231909
C,67,11,234334
C,67,12,248308
C,67,13,226422
C,67,14,221538
C,67,15,220473
C,67,16,217569
C,67,17,193965
C,67,18,249719
C,67,19,246994
C,67,20,231381
C,67,21,235235
C,67,22,230044
C,67,23,229776
C,67,24,248871
C,67,25,256894
C,67,26,227750
C,67,27,228079
C,67,28,233421
C,67,29,250161
C,67,30,251181
C,67,31,224833
C,67,32,250748
C,67,33,223230
C,67,34,227474
C,67,35,247201
C,67,36,246531
C,67,37,218899
C,67,38,236366
C,67,39,249517
C,67,40,253177
C,67,41,215245
C,67,42,249213
C,67,43,232122
C,67,44,224680
C,67,45,224157
C,67,46,220593
C,67,47,228952
C,67,48,220497
C,67,49,241270
C,67,50,232194
C,67,51,214452
C,67,52,233705
C,67,53,220691
C,67,54,241126
C,67,55,221805
C,67,56,233634
C,67,57,230751
C,67,58,222544
C,67,59,238499
C,67,60,225168
C,67,61,207976
C,67,62,241055
C,67,63,196487
C,67,64,235319
C,67,65,235620
C,67,66,238461
C,67,67,238261
C,67,68,254670
C,67,69,213663
C,67,70,227973
C,67,71,262231
C,67,72,214238
C,67,73,271639
C,67,74,242634
C,67,75,233521
C,67,76,224082
C,67,77,221185
C,67,78,254065
C,67,79,239086
C,67,80,233454
C,67,81,227339
C,67,82,225506
C,67,83,242953
C,67,84,252793
C,67,85,219043
C,67,86,236640
C,67,87,226158
C,67,88,233477
C,67,89,225270
C,67,90,260704
C,67,91,231280
C,67,92,234445
C,67,93,222638
C,67,94,225398
C,67,95,221447
C,67,96,229436
C,67,97,217559
C,67,98,237971
C,67,99,245236
C,68,0,185001
C,68,1,202272
C,68,2,203547
C,68,3,185299
C,68,4,219885
C,68,5,227028
C,68,6,208135
C,68,7,204389
C,68,8,202844
C,68,9,209765
C,68,10,211186
C,68,11,193985
C,68,12,229975
C,68,13,192249
C,68,14,216284
C,68,15,204979
C,68,16,201120
C,68,17,189116
C,68,18,205646
C,68,19,241259
C,68,20,195820
C,68,21,206101
C,68,22,213743
C,68,23,192994
C,68,24,216458
C,68,25,218411
C,68,26,206942
C,68,27,210331
C,68,28,204342
C,68,29,217651
C,68,30,219455
C,68,31,200293
C,68,32,223989
C,68,33,207935
C,68,34,205002
C,68,35,217986
C,68,36,220865
C,68,37,194452
C,68,38,193252
C,68,39,223561
C,68,40,217626
C,68,41,181409
C,68,42,227674
C,68,43,215848
C,68,44,212827
C,68,45,199976
C,68,46,186447
C,68,47,216755
C,68,48,218484
C,68,49,206923
C,68,50,198317
C,68,51,193404
C,68,52,203231
C,68,53,197039
C,68,54,225855
C,68,55,206302
C,68,56,212889
C,68,57,198759
C,68,58,208342
C,68,59,220780
C,68,60,219452
C,68,61,197291
C,68,62,223895
C,68,63,195997
C,68,64,202411
C,68,65,199670
C,68,66,201213
C,68,67,204857
C,68,68,226478
C,68,69,186921
C,68,70,204586
C,68,71,219763
C,68,72,187298
C,68,73,223889
C,68,74,209963
C,68,75,220732
C,68,76,189802
C,68,77,204028
C,68,78,216575
C,68,79,214454
C,68,80,230537
C,68,81,199038
C,68,82,192215
C,68,83,222375
C,68,84,213783
C,68,85,213716
C,68,86,212470
C,68,87,218182
C,68,88,211669
C,68,89,213234
C,68,90,215498
C,68,91,204914
C,68,92,202126
C,68,93,194531
C,68,94,201716
C,68,95,198509
C,68,96,197006
C,68,97,201977
C,68,98,203772
C,68,99,233673
C,69,0,195241
C,69,1,203789
C,69,2,212970
C,69,3,197323
C,69,4,216896
C,69,5,232009
C,69,6,204792
C,69,7,199823
C,69,8,196716
C,69,9,217912
C,69,10,214031
C,69,11,198624
C,69,12,223291
C,69,13,209156
C,69,14,212800
C,69,15,185968
C,69,16,216967
C,69,17,177778
C,69,18,212294
C,69,19,222546
C,69,20,187506
C,69,21,206165
C,69,22,213744
C,69,23,191602
C,69,24,225909
C,69,25,227111
C,69,26,220490
C,69,27,203599
C,69,28,221537
C,69,29,206077
C,69,30,227345
C,69,31,195290
C,69,32,231295
C,69,33,209869
C,69,34,199296
C,69,35,207313
C,69,36,215253
C,69,37,208486
C,69,38,202619
C,69,39,221037
C,69,40,220940
C,69,41,197039
C,69,42,204082
C,69,43,209133
C,69,44,218592
C,69,45,188885
C,69,46,198107
C,69,47,212751
C,69,48,205427
C,69,49,202030
C,69,50,198729
C,69,51,195295
C,69,52,201309
C,69,53,211205
C,69,54,214227
C,69,55,218028
C,69,56,201986
C,69,57,190745
C,69,58,216784
C,69,59,206969
C,69,60,207939
C,69,61,185337
C,69,62,223785
C,69,63,187094
C,69,64,199774
C,69,65,202405
C,69,66,213012
C,69,67,206295
C,69,68,230578
C,69,69,181718
C,69,70,216410
C,69,71,238791
C,69,72,191957
C,69,73,221070
C,69,74,214848
C,69,75,222352
C,69,76,192052
C,69,77,200758
C,69,78,205646
C,69,79,236640
C,69,80,208653
C,69,81,206000
C,69,82,215804
C,69,83,218256
C,69,84,214595
C,69,85,200727
C,69,86,204257
C,69,87,210926
C,69,88,208192
C,69,89,210999
C,69,90,240616
C,69,91,210508
C,69,92,198165
C,69,93,207663
C,69,94,195580
C,69,95,191402
C,69,96,208348
C,69,97,190122
C,69,98,224435
C,69,99,226428
C,70,0,203672
C,70,1,227045
C,70,2,242757
C,70,3,221505
C,70,4,233635
C,70,5,229847
C,70,6,228606
C,70,7,218799
C,70,8,226851
C,70,9,228686
C,70,10,245305
C,70,11,217864
C,70,12,243633
C,70,13,235186
C,70,14,218483
C,70,15,220444
C,70,16,211449
C,70,17,188388
C,70,18,222839
C,70,19,227337
C,70,20,205720
C,70,21,210533
C,70,22,231817
C,70,23,224235
C,70,24,247082
C,70,25,226653
C,70,26,235642
C,70,27,202394
C,70,28,246863
C,70,29,239418
C,70,30,253565
C,70,31,215802
C,70,32,226454
C,70,33,216547
C,70,34,226556
C,70,35,218653
C,70,36,237568
C,70,37,207789
C,70,38,233776
C,70,39,232174
C,70,40,240537
C,70,41,211101
C,70,42,238679
C,70,43,238457
C,70,44,218562
C,70,45,225039
C,70,46,220144
C,70,47,230221
C,70,48,212237
C,70,49,234293
C,70,50,226126
C,70,51,213147
C,70,52,241624
C,70,53,213337
C,70,54,231297
C,70,55,232411
C,70,56,232043
C,70,57,220983
C,70,58,248327
C,70,59,243805
C,70,60,229876
C,70,61,200674
C,70,62,268790
C,70,63,201352
C,70,64,244556
C,70,65,235831
C,70,66,233544
C,70,67,233140
C,70,68,229142
C,70,69,196504
C,70,70,226289
C,70,71,247309
C,70,72,222244
C,70,73,260673
C,70,74,234368
C,70,75,232439
C,70,76,193784
C,70,77,217604
C,70,78,218842
C,70,79,247537
C,70,80,243469
C,70,81,216061
C,70,82,216437
C,70,83,262159
C,70,84,240697
C,70,85,218894
C,70,86,221977
C,70,87,217338
C,70,88,228222
C,70,89,221527
C,70,90,251438
C,70,91,216331
C,70,92,209857
C,70,93,214230
C,70,94,237637
C,70,95,220183
C,70,96,213954
C,70,97,229481
C,70,98,250021
C,70,99,244818
C,71,0,200156
C,71,1,210858
C,71,2,237764
C,71,3,204646
C,71,4,220744
C,71,5,227528
C,71,6,210174
C,71,7,213299
C,71,8,215424
C,71,9,218924
C,71,10,237943
C,71,11,206361
C,71,12,235241
C,71,13,215196
C,71,14,206625
C,71,15,221656
C,71,16,194951
C,71,17,187070
C,71,18,216122
C,71,19,229544
C,71,20,211785
C,71,21,224097
C,71,22,227518
C,71,23,217319
C,71,24,246351
C,71,25,234248
C,71,26,220593
C,71,27,240278
C,71,28,219188
C,71,29,241631
C,71,30,253726
C,71,31,231646
C,71,32,236029
C,71,33,216902
C,71,34,205743
C,71,35,224030
C,71,36,230237
C,71,37,225093
C,71,38,202279
C,71,39,235394
C,71,40,224642
C,71,41,198342
C,71,42,225886
C,71,43,226488
C,71,44,228114
C,71,45,196168
C,71,46,209538
C,71,47,220787
C,71,48,210947
C,71,49,220970
C,71,50,237320
C,71,51,201305
C,71,52,214378
C,71,53,218653
C,71,54,225744
C,71,55,229680
C,71,56,208091
C,71,57,216861
C,71,58,222903
C,71,59,220016
C,71,60,220622
C,71,61,188366
C,71,62,233861
C,71,63,206739
C,71,64,219243
C,71,65,217127
C,71,66,209228
C,71,67,225752
C,71,68,230312
C,71,69,200040
C,71,70,220275
C,71,71,240156
C,71,72,202937
C,71,73,259443
C,71,74,217663
C,71,75,219463
C,71,76,217543
C,71,77,195495
C,71,78,239010
C,71,79,233490
C,71,80,228412
C,71,81,199733
C,71,82,220072
C,71,83,233119
C,71,84,219704
C,71,85,219963
C,71,86,231856
C,71,87,225635
C,71,88,223629
C,71,89,202895
C,71,90,238804
C,71,91,207746
C,71,92,204157
C,71,93,206580
C,71,94,216429
C,71,95,215221
C,71,96,214973
C,71,97,198631
C,71,98,225580
C,71,99,234674
C,72,0,221375
C,72,1,238312
C,72,2,254698
C,72,3,226238
C,72,4,247340
C,72,5,253104
C,72,6,245754
C,72,7,247546
C,72,8,243529
C,72,9,241514
C,72,10,258241
C,72,11,227573
C,72,12,264073
C,72,13,239323
C,72,14,236046
C,72,15,233295
C,72,16,222925
C,72,17,213270
C,72,18,240897
C,72,19,252655
C,72,20,225650
C,72,21,248405
C,72,22,242347
C,72,23,216345
C,72,24,255780
C,72,25,254613
C,72,26,229167
C,72,27,251468
C,72,28,251948
C,72,29,260786
C,72,30,259544
C,72,31,221894
C,72,32,255792
C,72,33,241684
C,72,34,231509
C,72,35,243719
C,72,36,252814
C,72,37,243425
C,72,38,227732
C,72,39,243509
C,72,40,257063
C,72,41,213834
C,72,42,268066
C,72,43,243509
C,72,44,240991
C,72,45,231457
C,72,46,238643
C,72,47,253785
C,72,48,230140
C,72,49,249328
C,72,50,243140
C,72,51,228815
C,72,52,248797
C,72,53,242330
C,72,54,257045
C,72,55,240016
C,72,56,237335
C,72,57,241253
C,72,58,252561
C,72,59,247964
C,72,60,243999
C,72,61,207294
C,72,62,271191
C,72,63,220561
C,72,64,235635
C,72,65,254359
C,72,66,231919
C,72,67,244758
C,72,68,241622
C,72,69,229743
C,72,70,240349
C,72,71,258743
C,72,72,233307
C,72,73,261240
C,72,74,249380
C,72,75,265168
C,72,76,226200
C,72,77,239552
C,72,78,256188
C,72,79,262045
C,72,80,257042
C,72,81,223351
C,72,82,252190
C,72,83,275209
C,72,84,247939
C,72,85,242153
C,72,86,251644
C,72,87,252806
C,72,88,233382
C,72,89,258205
C,72,90,255468
C,72,91,227991
C,72,92,238303
C,72,93,233574
C,72,94,243957
C,72,95,236986
C,72,96,219582
C,72,97,232061
C,72,98,268568
C,72,99,272569
C,73,0,186199
C,73,1,211245
C,73,2,223408
C,73,3,194032
C,73,4,211829
C,73,5,232421
C,73,6,227849
C,73,7,209538
C,73,8,216938
C,73,9,216514
C,73,10,232545
C,73,11,212953
C,73,12,226203
C,73,13,220135
C,73,14,201376
C,73,15,206350
C,73,16,210420
C,73,17,195214
C,73,18,222783
C,73,19,222154
C,73,20,201146
C,73,21,215713
C,73,22,230339
C,73,23,193052
C,73,24,237732
C,73,25,238652
C,73,26,225463
C,73,27,212233
C,73,28,218078
C,73,29,229950
C,73,30,228051
C,73,31,219493
C,73,32,225344
C,73,33,203193
C,73,34,210131
C,73,35,230691
C,73,36,219648
C,73,37,227486
C,73,38,201871
C,73,39,235294
C,73,40,231623
C,73,41,197037
C,73,42,225935
C,73,43,224295
C,73,44,208119
C,73,45,203235
C,73,46,216144
C,73,47,203587
C,73,48,213717
C,73,49,224998
C,73,50,217459
C,73,51,194184
C,73,52,216733
C,73,53,217168
C,73,54,236052
C,73,55,226712
C,73,56,222711
C,73,57,214183
C,73,58,222105
C,73,59,221040
C,73,60,213621
C,73,61,195844
C,73,62,230683
C,73,63,198265
C,73,64,217567
C,73,65,233463
C,73,66,218602
C,73,67,211767
C,73,68,230197
C,73,69,197874
C,73,70,214878
C,73,71,233146
C,73,72,203217
C,73,73,252242
C,73,74,224259
C,73,75,218754
C,73,76,209813
C,73,77,194922
C,73,78,224218
C,73,79,239447
C,73,80,229554
C,73,81,202712
C,73,82,215054
C,73,83,234813
C,73,84,229207
C,73,85,222154
C,73,86,221196
C,73,87,216837
C,73,88,228035
C,73,89,203869
C,73,90,228919
C,73,91,196337
C,73,92,204159
C,73,93,221606
C,73,94,203864
C,73,95,206197
C,73,96,210714
C,73,97,205309
C,73,98,228293
C,73,99,240699
C,74,0,201149
C,74,1,214393
C,74,2,224949
C,74,3,198383
C,74,4,213664
C,74,5,234766
C,74,6,232779
C,74,7,223251
C,74,8,231053
C,74,9,233742
C,74,10,243284
C,74,11,209923
C,74,12,233755
C,74,13,227115
C,74,14,228948
C,74,15,229600
C,74,16,212974
C,74,17,199577
C,74,18,227439
C,74,19,233738
C,74,20,219095
C,74,21,236804
C,74,22,226190
C,74,23,212921
C,74,24,244271
C,74,25,235059
C,74,26,231645
C,74,27,230294
C,74,28,221619
C,74,29,230380
C,74,30,237592
C,74,31,221844
C,74,32,237002
C,74,33,226517
C,74,34,211371
C,74,35,239261
C,74,36,232641
C,74,37,224917
C,74,38,229365
C,74,39,224468
C,74,40,240157
C,74,41,215449
C,74,42,246076
C,74,43,211467
C,74,44,230194
C,74,45,207992
C,74,46,213648
C,74,47,234453
C,74,48,223992
C,74,49,227593
C,74,50,229161
C,74,51,189833
C,74,52,214000
C,74,53,236054
C,74,54,246220
C,74,55,234265
C,74,56,215139
C,74,57,213164
C,74,58,231450
C,74,59,230514
C,74,60,219759
C,74,61,204900
C,74,62,242097
C,74,63,200290
C,74,64,229314
C,74,65,228544
C,74,66,227292
C,74,67,229224
C,74,68,224015
C,74,69,206860
C,74,70,216839
C,74,71,240703
C,74,72,198082
C,74,73,253924
C,74,74,221223
C,74,75,241105
C,74,76,202459
C,74,77,210520
C,74,78,223718
C,74,79,243758
C,74,80,231851
C,74,81,203059
C,74,82,222719
C,74,83,243473
C,74,84,238589
C,74,85,228632
C,74,86,226061
C,74,87,232906
C,74,88,203944
C,74,89,207623
C,74,90,231042
C,74,91,223606
C,74,92,218343
C,74,93,203138
C,74,94,227549
C,74,95,212756
C,74,96,211881
C,74,97,210974
C,74,98,240574
C,74,99,227683
C,75,0,197853
C,75,1,196360
C,75,2,229474
C,75,3,194377
C,75,4,225622
C,75,5,234285
C,75,6,208772
C,75,7,201069
C,75,8,213163
C,75,9,215123
C,75,10,216352
C,75,11,201176
C,75,12,239456
C,75,13,202726
C,75,14,207790
C,75,15,211975
C,75,16,194262
C,75,17,183142
C,75,18,211508
C,75,19,219760
C,75,20,208949
C,75,21,208195
C,75,22,215297
C,75,23,197960
C,75,24,237249
C,75,25,220266
C,75,26,215812
C,75,27,222304
C,75,28,220014
C,75,29,222872
C,75,30,241095
C,75,31,208486
C,75,32,236068
C,75,33,230028
C,75,34,200827
C,75,35,205044
C,75,36,230305
C,75,37,217401
C,75,38,215787
C,75,39,229292
C,75,40,235535
C,75,41,200588
C,75,42,228401
C,75,43,218828
C,75,44,222567
C,75,45,214748
C,75,46,197351
C,75,47,219230
C,75,48,219584
C,75,49,224119
C,75,50,207608
C,75,51,189125
C,75,52,193207
C,75,53,211547
C,75,54,227480
C,75,55,212313
C,75,56,222760
C,75,57,201210
C,75,58,230459
C,75,59,218619
C,75,60,208619
C,75,61,193394
C,75,62,220395
C,75,63,201960
C,75,64,211222
C,75,65,226067
C,75,66,220585
C,75,67,216853
C,75,68,229402
C,75,69,208790
C,75,70,222202
C,75,71,239692
C,75,72,201116
C,75,73,245880
C,75,74,209247
C,75,75,218514
C,75,76,194813
C,75,77,212701
C,75,78,236065
C,75,79,223153
C,75,80,222792
C,75,81,222714
C,75,82,217903
C,75,83,233252
C,75,84,224659
C,75,85,232816
C,75,86,219263
C,75,87,211957
C,75,88,214608
C,75,89,214349
C,75,90,227934
C,75,91,216770
C,75,92,200482
C,75,93,216351
C,75,94,216971
C,75,95,190088
C,75,96,198371
C,75,97,204366
C,75,98,219738
C,75,99,230612
C,76,0,180972
C,76,1,182401
C,76,2,215740
C,76,3,183650
C,76,4,188264
C,76,5,210562
C,76,6,187435
C,76,7,185717
C,76,8,187974
C,76,9,200009
C,76,10,216771
C,76,11,197581
C,76,12,209940
C,76,13,186004
C,76,14,193070
C,76,15,205833
C,76,16,192622
C,76,17,164924
C,76,18,194172
C,76,19,195618
C,76,20,168748
C,76,21,198401
C,76,22,206446
C,76,23,198707
C,76,24,216123
C,76,25,205056
C,76,26,196058
C,76,27,192243
C,76,28,198156
C,76,29,207767
C,76,30,212429
C,76,31,195200
C,76,32,211150
C,76,33,184708
C,76,34,184137
C,76,35,195412
C,76,36,201871
C,76,37,173150
C,76,38,175782
C,76,39,201620
C,76,40,192961
C,76,41,184451
C,76,42,202296
C,76,43,202663
C,76,44,197614
C,76,45,175126
C,76,46,194661
C,76,47,210599
C,76,48,193042
C,76,49,209473
C,76,50,192723
C,76,51,181526
C,76,52,204011
C,76,53,187831
C,76,54,208231
C,76,55,197576
C,76,56,174573
C,76,57,201058
C,76,58,206324
C,76,59,204564
C,76,60,185873
C,76,61,169539
C,76,62,201013
C,76,63,167164
C,76,64,208698
C,76,65,206914
C,76,66,195935
C,76,67,193920
C,76,68,216592
C,76,69,168227
C,76,70,185205
C,76,71,217047
C,76,72,193416
C,76,73,226436
C,76,74,196708
C,76,75,197961
C,76,76,186416
C,76,77,182093
C,76,78,214244
C,76,79,210347
C,76,80,219074
C,76,81,172998
C,76,82,190421
C,76,83,218952
C,76,84,213474
C,76,85,184259
C,76,86,212508
C,76,87,193322
C,76,88,185915
C,76,89,183920
C,76,90,206248
C,76,91,211553
C,76,92,168997
C,76,93,185782
C,76,94,186040
C,76,95,195780
C,76,96,189066
C,76,97,186424
C,76,98,209397
C,76,99,205843
C,77,0,204140
C,77,1,217400
C,77,2,215179
C,77,3,210445
C,77,4,217256
C,77,5,242575
C,77,6,212435
C,77,7,200503
C,77,8,225515
C,77,9,212031
C,77,10,238944
C,77,11,215449
C,77,12,242452
C,77,13,206088
C,77,14,220024
C,77,15,206118
C,77,16,215608
C,77,17,190495
C,77,18,219246
C,77,19,225503
C,77,20,211450
C,77,21,218216
C,77,22,226084
C,77,23,226029
C,77,24,240451
C,77,25,225998
C,77,26,233064
C,77,27,220020
C,77,28,228630
C,77,29,225743
C,77,30,239252
C,77,31,223496
C,77,32,229902
C,77,33,222223
C,77,34,214920
C,77,35,226427
C,77,36,229832
C,77,37,201786
C,77,38,216363
C,77,39,221833
C,77,40,232207
C,77,41,204869
C,77,42,222259
C,77,43,211268
C,77,44,222984
C,77,45,199912
C,77,46,205828
C,77,47,226792
C,77,48,220392
C,77,49,214117
C,77,50,219526
C,77,51,172702
C,77,52,202733
C,77,53,210384
C,77,54,237250
C,77,55,241851
C,77,56,215924
C,77,57,209318
C,77,58,221236
C,77,59,231884
C,77,60,203692
C,77,61,205987
C,77,62,230730
C,77,63,196450
C,77,64,233747
C,77,65,221383
C,77,66,210600
C,77,67,216685
C,77,68,246932
C,77,69,207545
C,77,70,201042
C,77,71,239444
C,77,72,212270
C,77,73,241235
C,77,74,216049
C,77,75,224392
C,77,76,190767
C,77,77,212387
C,77,78,218040
C,77,79,238822
C,77,80,224191
C,77,81,217272
C,77,82,203535
C,77,83,233284
C,77,84,234208
C,77,85,210069
C,77,86,221111
C,77,87,200895
C,77,88,205560
C,77,89,222095
C,77,90,232573
C,77,91,224620
C,77,92,200169
C,77,93,188197
C,77,94,217591
C,77,95,214398
C,77,96,210171
C,77,97,203168
C,77,98,226066
C,77,99,225277
C,78,0,180610
C,78,1,187679
C,78,2,205196
C,78,3,177568
C,78,4,189747
C,78,5,188982
C,78,6,193110
C,78,7,187438
C,78,8,198959
C,78,9,188160
C,78,10,202871
C,78,11,174742
C,78,12,214283
C,78,13,184320
C,78,14,182066
C,78,15,191204
C,78,16,191151
C,78,17,179239
C,78,18,203169
C,78,19,207089
C,78,20,164864
C,78,21,197002
C,78,22,182816
C,78,23,188952
C,78,24,210469
C,78,25,204479
C,78,26,193027
C,78,27,196375
C,78,28,189136
C,78,29,201503
C,78,30,207523
C,78,31,196249
C,78,32,200178
C,78,33,194107
C,78,34,192837
C,78,35,200285
C,78,36,210815
C,78,37,191137
C,78,38,183552
C,78,39,187709
C,78,40,192978
C,78,41,183156
C,78,42,202872
C,78,43,211292
C,78,44,207222
C,78,45,174833
C,78,46,178415
C,78,47,199763
C,78,48,185406
C,78,49,205357
C,78,50,199009
C,78,51,182876
C,78,52,201820
C,78,53,180266
C,78,54,200028
C,78,55,202090
C,78,56,179827
C,78,57,191630
C,78,58,205019
C,78,59,200314
C,78,60,190889
C,78,61,157912
C,78,62,208674
C,78,63,166836
C,78,64,197199
C,78,65,169945
C,78,66,189792
C,78,67,196093
C,78,68,203649
C,78,69,179137
C,78,70,191684
C,78,71,205593
C,78,72,176954
C,78,73,216526
C,78,74,194392
C,78,75,211102
C,78,76,172743
C,78,77,189383
C,78,78,195892
C,78,79,203697
C,78,80,205101
C,78,81,174866
C,78,82,192560
C,78,83,201791
C,78,84,197331
C,78,85,192967
C,78,86,203872
C,78,87,192525
C,78,88,211640
C,78,89,200851
C,78,90,207203
C,78,91,176227
C,78,92,185726
C,78,93,185335
C,78,94,196198
C,78,95,186775
C,78,96,188949
C,78,97,186520
C,78,98,201002
C,78,99,209210
C,79,0,211468
C,79,1,229394
C,79,2,235597
C,79,3,212196
C,79,4,230354
C,79,5,233578
C,79,6,247051
C,79,7,219039
C,79,8,242047
C,79,9,237060
C,79,10,238694
C,79,11,221879
C,79,12,251092
C,79,13,219231
C,79,14,230078
C,79,15,232719
C,79,16,226302
C,79,17,203258
C,79,18,241318
C,79,19,247265
C,79,20,219664
C,79,21,235318
C,79,22,232333
C,79,23,224140
C,79,24,246637
C,79,25,240212
C,79,26,232526
C,79,27,232430
C,79,28,230034
C,79,29,235788
C,79,30,259720
C,79,31,227465
C,79,32,235923
C,79,33,233102
C,79,34,221844
C,79,35,237267
C,79,36,249729
C,79,37,216590
C,79,38,228690
C,79,39,229932
C,79,40,251520
C,79,41,213427
C,79,42,244909
C,79,43,240485
C,79,44,227614
C,79,45,226896
C,79,46,225612
C,79,47,248296
C,79,48,237744
C,79,49,244961
C,79,50,236166
C,79,51,203765
C,79,52,223138
C,79,53,224869
C,79,54,247236
C,79,55,230440
C,79,56,227771
C,79,57,222936
C,79,58,230211
C,79,59,239866
C,79,60,226423
C,79,61,207901
C,79,62,241871
C,79,63,210862
C,79,64,239206
C,79,65,237492
C,79,66,235117
C,79,67,228497
C,79,68,235499
C,79,69,219681
C,79,70,226989
C,79,71,243662
C,79,72,202909
C,79,73,260117
C,79,74,236367
C,79,75,245199
C,79,76,206211
C,79,77,229092
C,79,78,247412
C,79,79,250510
C,79,80,250591
C,79,81,214133
C,79,82,223532
C,79,83,248473
C,79,84,247397
C,79,85,225079
C,79,86,243481
C,79,87,226524
C,79,88,216405
C,79,89,238268
C,79,90,239987
C,79,91,221533
C,79,92,224226
C,79,93,214995
C,79,94,244864
C,79,95,219888
C,79,96,219540
C,79,97,222511
C,79,98,237085
C,79,99,250889
