C,0,0,203661
C,0,1,208809
C,0,2,221444
C,0,3,212868
C,0,4,220920
C,0,5,242228
C,0,6,214695
C,0,7,215079
C,0,8,219999
C,0,9,222290
C,0,10,241837
C,0,11,215572
C,0,12,239922
C,0,13,227983
C,0,14,221798
C,0,15,217802
C,0,16,220760
C,0,17,204367
C,0,18,223502
C,0,19,249927
C,0,20,205023
C,0,21,231405
C,0,22,227411
C,0,23,211766
C,0,24,235037
C,0,25,233683
C,0,26,218945
C,0,27,223107
C,0,28,228842
C,0,29,228442
C,0,30,241864
C,0,31,225965
C,0,32,239877
C,0,33,223691
C,0,34,218634
C,0,35,234375
C,0,36,237121
C,0,37,227332
C,0,38,200482
C,0,39,229533
C,0,40,219925
C,0,41,210662
C,0,42,238130
C,0,43,229165
C,0,44,227906
C,0,45,205508
C,0,46,219650
C,0,47,221175
C,0,48,228888
C,0,49,232953
C,0,50,227675
C,0,51,206555
C,0,52,217043
C,0,53,226481
C,0,54,235513
C,0,55,209769
C,0,56,192273
C,0,57,217947
C,0,58,235156
C,0,59,232187
C,0,60,216093
C,0,61,178429
C,0,62,233099
C,0,63,204903
C,0,64,217693
C,0,65,227222
C,0,66,217285
C,0,67,233538
C,0,68,226608
C,0,69,195618
C,0,70,221523
C,0,71,227729
C,0,72,206280
C,0,73,245660
C,0,74,236578
C,0,75,228306
C,0,76,208211
C,0,77,203851
C,0,78,242867
C,0,79,229954
C,0,80,249869
C,0,81,195479
C,0,82,213579
C,0,83,251324
C,0,84,235418
C,0,85,230325
C,0,86,220855
C,0,87,227319
C,0,88,214876
C,0,89,217521
C,0,90,239912
C,0,91,213455
C,0,92,213194
C,0,93,226142
C,0,94,222167
C,0,95,214464
C,0,96,219686
C,0,97,202563
C,0,98,235724
C,0,99,227168
C,1,0,189480
C,1,1,203912
C,1,2,217747
C,1,3,171460
C,1,4,206191
C,1,5,212707
C,1,6,209282
C,1,7,196322
C,1,8,195081
C,1,9,210127
C,1,10,201343
C,1,11,195729
C,1,12,219598
C,1,13,195925
C,1,14,201371
C,1,15,206046
C,1,16,195264
C,1,17,185927
C,1,18,203307
C,1,19,214622
C,1,20,201991
C,1,21,201095
C,1,22,200986
C,1,23,185229
C,1,24,208867
C,1,25,236937
C,1,26,198629
C,1,27,208653
C,1,28,196870
C,1,29,216843
C,1,30,210310
C,1,31,207036
C,1,32,223239
C,1,33,213262
C,1,34,206936
C,1,35,217102
C,1,36,219876
C,1,37,209957
C,1,38,190842
C,1,39,207948
C,1,40,207285
C,1,41,191154
C,1,42,217424
C,1,43,204568
C,1,44,212356
C,1,45,186057
C,1,46,207389
C,1,47,221865
C,1,48,212809
C,1,49,220420
C,1,50,194354
C,1,51,180954
C,1,52,195321
C,1,53,197346
C,1,54,227112
C,1,55,193973
C,1,56,218251
C,1,57,214708
C,1,58,210776
C,1,59,210603
C,1,60,192814
C,1,61,180712
C,1,62,212102
C,1,63,176223
C,1,64,207161
C,1,65,216562
C,1,66,212393
C,1,67,208601
C,1,68,215672
C,1,69,190813
C,1,70,201725
C,1,71,218970
C,1,72,183726
C,1,73,233428
C,1,74,227144
C,1,75,228070
C,1,76,201079
C,1,77,202950
C,1,78,221656
C,1,79,228066
C,1,80,218760
C,1,81,189557
C,1,82,222788
C,1,83,235603
C,1,84,218339
C,1,85,214262
C,1,86,213495
C,1,87,210193
C,1,88,210372
C,1,89,208759
C,1,90,228189
C,1,91,201349
C,1,92,207667
C,1,93,201379
C,1,94,208655
C,1,95,197861
C,1,96,189946
C,1,97,188699
C,1,98,230090
C,1,99,216095
C,2,0,222784
C,2,1,234849
C,2,2,238976
C,2,3,216439
C,2,4,241853
C,2,5,254443
C,2,6,234921
C,2,7,221933
C,2,8,226436
C,2,9,238805
C,2,10,240007
C,2,11,226280
C,2,12,251063
C,2,13,226776
C,2,14,229970
C,2,15,234822
C,2,16,224263
C,2,17,203625
C,2,18,247165
C,2,19,252501
C,2,20,209435
C,2,21,243087
C,2,22,227916
C,2,23,230567
C,2,24,264197
C,2,25,244040
C,2,26,222088
C,2,27,233095
C,2,28,252227
C,2,29,256827
C,2,30,259922
C,2,31,226235
C,2,32,247816
C,2,33,247560
C,2,34,225704
C,2,35,243879
C,2,36,255689
C,2,37,235811
C,2,38,214691
C,2,39,233546
C,2,40,255100
C,2,41,226254
C,2,42,268750
C,2,43,241572
C,2,44,237563
C,2,45,235357
C,2,46,227384
C,2,47,238178
C,2,48,243053
C,2,49,245203
C,2,50,236373
C,2,51,198590
C,2,52,237530
C,2,53,227857
C,2,54,268104
C,2,55,229180
C,2,56,240796
C,2,57,235537
C,2,58,241665
C,2,59,258666
C,2,60,236172
C,2,61,205860
C,2,62,266675
C,2,63,204895
C,2,64,234267
C,2,65,252101
C,2,66,239812
C,2,67,232195
C,2,68,244529
C,2,69,224013
C,2,70,220043
C,2,71,266281
C,2,72,218017
C,2,73,246382
C,2,74,243241
C,2,75,240121
C,2,76,226072
C,2,77,222491
C,2,78,245482
C,2,79,241797
C,2,80,256694
C,2,81,219662
C,2,82,226067
C,2,83,273454
C,2,84,239599
C,2,85,242314
C,2,86,240133
C,2,87,239860
C,2,88,230166
C,2,89,241933
C,2,90,244396
C,2,91,228150
C,2,92,233632
C,2,93,238429
C,2,94,216106
C,2,95,210124
C,2,96,223051
C,2,97,237088
C,2,98,242286
C,2,99,263382
C,3,0,179716
C,3,1,207155
C,3,2,231898
C,3,3,189797
C,3,4,219378
C,3,5,229258
C,3,6,212340
C,3,7,204837
C,3,8,210008
C,3,9,211871
C,3,10,216202
C,3,11,214407
C,3,12,237783
C,3,13,200631
C,3,14,212268
C,3,15,200682
C,3,16,194251
C,3,17,191576
C,3,18,210881
C,3,19,202193
C,3,20,210826
C,3,21,202000
C,3,22,223434
C,3,23,209573
C,3,24,238414
C,3,25,231158
C,3,26,230604
C,3,27,193156
C,3,28,210792
C,3,29,221810
C,3,30,240149
C,3,31,214760
C,3,32,233990
C,3,33,204846
C,3,34,199146
C,3,35,219083
C,3,36,222203
C,3,37,210875
C,3,38,209819
C,3,39,208048
C,3,40,226448
C,3,41,177954
C,3,42,214188
C,3,43,234282
C,3,44,211933
C,3,45,194507
C,3,46,213546
C,3,47,212940
C,3,48,223447
C,3,49,220951
C,3,50,208953
C,3,51,189708
C,3,52,216110
C,3,53,201554
C,3,54,229354
C,3,55,211477
C,3,56,215176
C,3,57,202714
C,3,58,211594
C,3,59,215543
C,3,60,217139
C,3,61,195953
C,3,62,218697
C,3,63,198333
C,3,64,217344
C,3,65,207044
C,3,66,217102
C,3,67,226859
C,3,68,214995
C,3,69,189007
C,3,70,195237
C,3,71,236335
C,3,72,192658
C,3,73,245763
C,3,74,216928
C,3,75,221168
C,3,76,206044
C,3,77,208202
C,3,78,224750
C,3,79,235477
C,3,80,244129
C,3,81,206840
C,3,82,202012
C,3,83,219711
C,3,84,225809
C,3,85,216523
C,3,86,220401
C,3,87,202647
C,3,88,224243
C,3,89,209977
C,3,90,226006
C,3,91,201948
C,3,92,216044
C,3,93,207815
C,3,94,212333
C,3,95,197538
C,3,96,209090
C,3,97,202993
C,3,98,227366
C,3,99,210857
C,4,0,192562
C,4,1,212679
C,4,2,231412
C,4,3,202142
C,4,4,209226
C,4,5,224537
C,4,6,219910
C,4,7,214916
C,4,8,219022
C,4,9,202999
C,4,10,218624
C,4,11,205999
C,4,12,239231
C,4,13,199671
C,4,14,216603
C,4,15,226044
C,4,16,202363
C,4,17,201603
C,4,18,217359
C,4,19,217957
C,4,20,200921
C,4,21,223778
C,4,22,207866
C,4,23,218038
C,4,24,224889
C,4,25,227306
C,4,26,216783
C,4,27,218322
C,4,28,202523
C,4,29,225693
C,4,30,225571
C,4,31,210581
C,4,32,231873
C,4,33,210341
C,4,34,212873
C,4,35,227347
C,4,36,221448
C,4,37,213097
C,4,38,211675
C,4,39,217584
C,4,40,220613
C,4,41,210120
C,4,42,236612
C,4,43,223816
C,4,44,216747
C,4,45,197184
C,4,46,215683
C,4,47,230972
C,4,48,216949
C,4,49,220316
C,4,50,210136
C,4,51,183930
C,4,52,217135
C,4,53,196618
C,4,54,240537
C,4,55,220404
C,4,56,212079
C,4,57,218349
C,4,58,217888
C,4,59,221723
C,4,60,223890
C,4,61,188798
C,4,62,233718
C,4,63,185034
C,4,64,223472
C,4,65,212370
C,4,66,218402
C,4,67,215990
C,4,68,219217
C,4,69,199012
C,4,70,217358
C,4,71,244327
C,4,72,191383
C,4,73,257471
C,4,74,224813
C,4,75,235094
C,4,76,200946
C,4,77,213216
C,4,78,232735
C,4,79,225093
C,4,80,242368
C,4,81,194346
C,4,82,224601
C,4,83,248514
C,4,84,228412
C,4,85,219979
C,4,86,220508
C,4,87,215546
C,4,88,215354
C,4,89,207956
C,4,90,233468
C,4,91,206283
C,4,92,213890
C,4,93,210237
C,4,94,222924
C,4,95,217235
C,4,96,211700
C,4,97,211486
C,4,98,229129
C,4,99,223423
C,5,0,225477
C,5,1,214352
C,5,2,238039
C,5,3,225632
C,5,4,232032
C,5,5,243757
C,5,6,233825
C,5,7,227674
C,5,8,241069
C,5,9,230793
C,5,10,237057
C,5,11,227179
C,5,12,251439
C,5,13,225045
C,5,14,225874
C,5,15,224480
C,5,16,224424
C,5,17,205926
C,5,18,235726
C,5,19,238198
C,5,20,206619
C,5,21,231326
C,5,22,220836
C,5,23,235179
C,5,24,248835
C,5,25,237793
C,5,26,238472
C,5,27,219586
C,5,28,238072
C,5,29,240501
C,5,30,245081
C,5,31,210853
C,5,32,244963
C,5,33,229000
C,5,34,220680
C,5,35,234525
C,5,36,251994
C,5,37,221872
C,5,38,220271
C,5,39,244836
C,5,40,247890
C,5,41,224647
C,5,42,228636
C,5,43,234969
C,5,44,229169
C,5,45,229680
C,5,46,206904
C,5,47,233956
C,5,48,218345
C,5,49,235285
C,5,50,242944
C,5,51,202280
C,5,52,225198
C,5,53,218363
C,5,54,242224
C,5,55,244095
C,5,56,220554
C,5,57,214921
C,5,58,226066
C,5,59,238979
C,5,60,228640
C,5,61,202235
C,5,62,246106
C,5,63,217511
C,5,64,232049
C,5,65,222922
C,5,66,237074
C,5,67,224211
C,5,68,248760
C,5,69,204836
C,5,70,231619
C,5,71,247408
C,5,72,222121
C,5,73,255709
C,5,74,247467
C,5,75,232245
C,5,76,201282
C,5,77,236991
C,5,78,243626
C,5,79,243979
C,5,80,245364
C,5,81,221112
C,5,82,235867
C,5,83,266500
C,5,84,235306
C,5,85,242630
C,5,86,229611
C,5,87,240858
C,5,88,232142
C,5,89,228456
C,5,90,246845
C,5,91,228555
C,5,92,222485
C,5,93,229108
C,5,94,226160
C,5,95,225077
C,5,96,206511
C,5,97,219993
C,5,98,238062
C,5,99,246600
C,6,0,193805
C,6,1,209237
C,6,2,199728
C,6,3,186522
C,6,4,212547
C,6,5,211327
C,6,6,208711
C,6,7,192603
C,6,8,211077
C,6,9,205503
C,6,10,219211
C,6,11,206624
C,6,12,207638
C,6,13,211921
C,6,14,212979
C,6,15,202192
C,6,16,200031
C,6,17,190817
C,6,18,217120
C,6,19,230327
C,6,20,197894
C,6,21,209888
C,6,22,217622
C,6,23,196471
C,6,24,231184
C,6,25,211543
C,6,26,198448
C,6,27,191051
C,6,28,234369
C,6,29,208110
C,6,30,236981
C,6,31,195791
C,6,32,206044
C,6,33,217080
C,6,34,205869
C,6,35,215145
C,6,36,234440
C,6,37,211239
C,6,38,207833
C,6,39,215115
C,6,40,224993
C,6,41,196831
C,6,42,232194
C,6,43,220035
C,6,44,209375
C,6,45,212674
C,6,46,202851
C,6,47,205724
C,6,48,209148
C,6,49,216114
C,6,50,208155
C,6,51,184396
C,6,52,207253
C,6,53,199007
C,6,54,222510
C,6,55,200359
C,6,56,205976
C,6,57,198137
C,6,58,223074
C,6,59,218508
C,6,60,203619
C,6,61,186864
C,6,62,241985
C,6,63,183728
C,6,64,202645
C,6,65,223624
C,6,66,212335
C,6,67,217924
C,6,68,215843
C,6,69,195778
C,6,70,198783
C,6,71,226507
C,6,72,196062
C,6,73,226221
C,6,74,221167
C,6,75,204689
C,6,76,205938
C,6,77,187592
C,6,78,220141
C,6,79,221399
C,6,80,218599
C,6,81,190799
C,6,82,204739
C,6,83,234132
C,6,84,217478
C,6,85,212371
C,6,86,204794
C,6,87,210950
C,6,88,214483
C,6,89,206177
C,6,90,215657
C,6,91,199981
C,6,92,207579
C,6,93,208544
C,6,94,205349
C,6,95,184756
C,6,96,194846
C,6,97,203861
C,6,98,217946
C,6,99,237062
C,7,0,212168
C,7,1,235099
C,7,2,237585
C,7,3,217326
C,7,4,251635
C,7,5,243681
C,7,6,222837
C,7,7,210045
C,7,8,224375
C,7,9,226499
C,7,10,244692
C,7,11,229675
C,7,12,269581
C,7,13,218031
C,7,14,227430
C,7,15,221692
C,7,16,216301
C,7,17,200940
C,7,18,224675
C,7,19,235034
C,7,20,205343
C,7,21,224867
C,7,22,222056
C,7,23,231656
C,7,24,251230
C,7,25,246250
C,7,26,231031
C,7,27,225838
C,7,28,242947
C,7,29,245684
C,7,30,276624
C,7,31,224451
C,7,32,240843
C,7,33,227814
C,7,34,209623
C,7,35,227240
C,7,36,250782
C,7,37,229823
C,7,38,215379
C,7,39,230897
C,7,40,240936
C,7,41,224375
C,7,42,253338
C,7,43,244676
C,7,44,229954
C,7,45,225841
C,7,46,226372
C,7,47,248110
C,7,48,233716
C,7,49,247783
C,7,50,251599
C,7,51,198321
C,7,52,228750
C,7,53,213873
C,7,54,240580
C,7,55,244957
C,7,56,234442
C,7,57,233734
C,7,58,228521
C,7,59,235622
C,7,60,233573
C,7,61,216246
C,7,62,255373
C,7,63,197786
C,7,64,251542
C,7,65,217701
C,7,66,237982
C,7,67,236306
C,7,68,250449
C,7,69,206935
C,7,70,220570
C,7,71,254944
C,7,72,228920
C,7,73,248609
C,7,74,235819
C,7,75,246458
C,7,76,218537
C,7,77,222693
C,7,78,246461
C,7,79,252495
C,7,80,245965
C,7,81,223773
C,7,82,236472
C,7,83,245516
C,7,84,244590
C,7,85,235059
C,7,86,231417
C,7,87,229329
C,7,88,240229
C,7,89,239680
C,7,90,249509
C,7,91,227087
C,7,92,228314
C,7,93,222076
C,7,94,217469
C,7,95,223427
C,7,96,218707
C,7,97,219658
C,7,98,252273
C,7,99,246952
C,8,0,202040
C,8,1,209378
C,8,2,236419
C,8,3,208287
C,8,4,216792
C,8,5,223514
C,8,6,202695
C,8,7,212306
C,8,8,205625
C,8,9,227411
C,8,10,227405
C,8,11,213634
C,8,12,220193
C,8,13,213659
C,8,14,212185
C,8,15,199198
C,8,16,200079
C,8,17,194321
C,8,18,209522
C,8,19,220538
C,8,20,198748
C,8,21,212666
C,8,22,210910
C,8,23,208471
C,8,24,216360
C,8,25,213473
C,8,26,218180
C,8,27,218603
C,8,28,222570
C,8,29,225548
C,8,30,228176
C,8,31,205826
C,8,32,228499
C,8,33,206442
C,8,34,200074
C,8,35,224084
C,8,36,232169
C,8,37,206555
C,8,38,200062
C,8,39,226650
C,8,40,222522
C,8,41,189650
C,8,42,222696
C,8,43,223925
C,8,44,209066
C,8,45,206723
C,8,46,211576
C,8,47,204620
C,8,48,213347
C,8,49,231793
C,8,50,223290
C,8,51,180017
C,8,52,213700
C,8,53,208199
C,8,54,223609
C,8,55,211039
C,8,56,206675
C,8,57,208456
C,8,58,211505
C,8,59,211113
C,8,60,213017
C,8,61,177630
C,8,62,217302
C,8,63,196513
C,8,64,209657
C,8,65,225867
C,8,66,216137
C,8,67,210044
C,8,68,240315
C,8,69,202103
C,8,70,218662
C,8,71,229980
C,8,72,208172
C,8,73,251233
C,8,74,212875
C,8,75,214542
C,8,76,204951
C,8,77,212060
C,8,78,243154
C,8,79,229360
C,8,80,246109
C,8,81,202924
C,8,82,208411
C,8,83,229261
C,8,84,228236
C,8,85,217415
C,8,86,216916
C,8,87,207644
C,8,88,223114
C,8,89,218883
C,8,90,218146
C,8,91,213568
C,8,92,203149
C,8,93,216681
C,8,94,210194
C,8,95,201896
C,8,96,194109
C,8,97,204244
C,8,98,221708
C,8,99,222326
C,9,0,226371
C,9,1,241120
C,9,2,261329
C,9,3,229852
C,9,4,252279
C,9,5,248174
C,9,6,239695
C,9,7,238442
C,9,8,255982
C,9,9,256137
C,9,10,247450
C,9,11,238983
C,9,12,267409
C,9,13,243251
C,9,14,244747
C,9,15,230792
C,9,16,232145
C,9,17,240351
C,9,18,246655
C,9,19,262493
C,9,20,234397
C,9,21,256636
C,9,22,239115
C,9,23,225961
C,9,24,259979
C,9,25,264584
C,9,26,242240
C,9,27,265793
C,9,28,255596
C,9,29,241289
C,9,30,268012
C,9,31,246763
C,9,32,268107
C,9,33,249948
C,9,34,235487
C,9,35,267942
C,9,36,254788
C,9,37,238618
C,9,38,226759
C,9,39,252547
C,9,40,246637
C,9,41,223916
C,9,42,257029
C,9,43,260652
C,9,44,244536
C,9,45,232310
C,9,46,242980
C,9,47,253385
C,9,48,258570
C,9,49,261732
C,9,50,234349
C,9,51,214791
C,9,52,232918
C,9,53,239049
C,9,54,263424
C,9,55,239086
C,9,56,229495
C,9,57,239754
C,9,58,254917
C,9,59,240067
C,9,60,243207
C,9,61,197825
C,9,62,255362
C,9,63,222517
C,9,64,241392
C,9,65,242377
C,9,66,248974
C,9,67,240423
C,9,68,263512
C,9,69,233705
C,9,70,240286
C,9,71,259666
C,9,72,230560
C,9,73,274285
C,9,74,257949
C,9,75,263033
C,9,76,224958
C,9,77,253277
C,9,78,257142
C,9,79,274958
C,9,80,269277
C,9,81,223709
C,9,82,250099
C,9,83,279376
C,9,84,254849
C,9,85,251019
C,9,86,250861
C,9,87,237149
C,9,88,244160
C,9,89,262357
C,9,90,266626
C,9,91,237225
C,9,92,227483
C,9,93,245858
C,9,94,240014
C,9,95,234196
C,9,96,229214
C,9,97,213106
C,9,98,267415
C,9,99,263233
C,10,0,202041
C,10,1,214551
C,10,2,226541
C,10,3,188993
C,10,4,227847
C,10,5,212718
C,10,6,216057
C,10,7,229598
C,10,8,210914
C,10,9,219842
C,10,10,232399
C,10,11,208556
C,10,12,233279
C,10,13,208017
C,10,14,218613
C,10,15,201250
C,10,16,199282
C,10,17,186341
C,10,18,202776
C,10,19,219539
C,10,20,196125
C,10,21,219211
C,10,22,212111
C,10,23,222248
C,10,24,235316
C,10,25,222489
C,10,26,213997
C,10,27,225612
C,10,28,227176
C,10,29,223568
C,10,30,244457
C,10,31,210690
C,10,32,215344
C,10,33,212990
C,10,34,192669
C,10,35,208160
C,10,36,237124
C,10,37,208589
C,10,38,190313
C,10,39,226575
C,10,40,226556
C,10,41,190910
C,10,42,220384
C,10,43,218708
C,10,44,219715
C,10,45,210186
C,10,46,211186
C,10,47,218211
C,10,48,203774
C,10,49,225152
C,10,50,210687
C,10,51,201892
C,10,52,212127
C,10,53,209216
C,10,54,229057
C,10,55,219691
C,10,56,207253
C,10,57,209956
C,10,58,223312
C,10,59,211930
C,10,60,217961
C,10,61,203577
C,10,62,249296
C,10,63,185692
C,10,64,212656
C,10,65,225791
C,10,66,215272
C,10,67,216246
C,10,68,220063
C,10,69,194369
C,10,70,210137
C,10,71,216076
C,10,72,201515
C,10,73,223169
C,10,74,214653
C,10,75,209066
C,10,76,211880
C,10,77,213436
C,10,78,237544
C,10,79,226398
C,10,80,226349
C,10,81,203081
C,10,82,209297
C,10,83,241038
C,10,84,224469
C,10,85,208110
C,10,86,226949
C,10,87,205633
C,10,88,217319
C,10,89,230419
C,10,90,211016
C,10,91,207646
C,10,92,210026
C,10,93,207992
C,10,94,208311
C,10,95,204690
C,10,96,193980
C,10,97,188611
C,10,98,232478
C,10,99,225545
C,11,0,188512
C,11,1,202300
C,11,2,223845
C,11,3,208073
C,11,4,218368
C,11,5,218799
C,11,6,207134
C,11,7,211870
C,11,8,227971
C,11,9,213436
C,11,10,223660
C,11,11,212606
C,11,12,228476
C,11,13,209478
C,11,14,212451
C,11,15,194948
C,11,16,200061
C,11,17,189938
C,11,18,214137
C,11,19,209551
C,11,20,199159
C,11,21,218336
C,11,22,210830
C,11,23,200244
C,11,24,228052
C,11,25,230173
C,11,26,227327
C,11,27,207377
C,11,28,209411
C,11,29,232359
C,11,30,235695
C,11,31,202538
C,11,32,222283
C,11,33,208373
C,11,34,209172
C,11,35,216393
C,11,36,221310
C,11,37,214057
C,11,38,193856
C,11,39,219622
C,11,40,231682
C,11,41,186373
C,11,42,222303
C,11,43,216674
C,11,44,213924
C,11,45,202880
C,11,46,208778
C,11,47,210713
C,11,48,212921
C,11,49,232454
C,11,50,206351
C,11,51,192738
C,11,52,213592
C,11,53,210660
C,11,54,226778
C,11,55,214384
C,11,56,224943
C,11,57,203334
C,11,58,223796
C,11,59,227494
C,11,60,213518
C,11,61,192835
C,11,62,235262
C,11,63,193755
C,11,64,224784
C,11,65,213708
C,11,66,214405
C,11,67,198761
C,11,68,227522
C,11,69,208075
C,11,70,202400
C,11,71,233246
C,11,72,199367
C,11,73,238290
C,11,74,211662
C,11,75,235979
C,11,76,190019
C,11,77,209822
C,11,78,220033
C,11,79,243000
C,11,80,222948
C,11,81,218539
C,11,82,199654
C,11,83,222780
C,11,84,216909
C,11,85,214555
C,11,86,220914
C,11,87,206996
C,11,88,204711
C,11,89,216956
C,11,90,225374
C,11,91,214922
C,11,92,201511
C,11,93,184557
C,11,94,205266
C,11,95,209307
C,11,96,209503
C,11,97,195686
C,11,98,214343
C,11,99,243318
C,12,0,200737
C,12,1,197397
C,12,2,217318
C,12,3,197275
C,12,4,221241
C,12,5,215300
C,12,6,205593
C,12,7,201222
C,12,8,194856
C,12,9,206732
C,12,10,228696
C,12,11,191442
C,12,12,220807
C,12,13,209445
C,12,14,186499
C,12,15,198620
C,12,16,205781
C,12,17,179981
C,12,18,208035
C,12,19,232108
C,12,20,191612
C,12,21,210760
C,12,22,203928
C,12,23,213024
C,12,24,223883
C,12,25,211939
C,12,26,210204
C,12,27,212577
C,12,28,224568
C,12,29,212263
C,12,30,229958
C,12,31,201363
C,12,32,223520
C,12,33,209821
C,12,34,199108
C,12,35,194880
C,12,36,214844
C,12,37,201422
C,12,38,194116
C,12,39,214023
C,12,40,227902
C,12,41,186751
C,12,42,220248
C,12,43,212366
C,12,44,211561
C,12,45,198100
C,12,46,195629
C,12,47,212796
C,12,48,188150
C,12,49,205903
C,12,50,213938
C,12,51,197251
C,12,52,206967
C,12,53,200702
C,12,54,229667
C,12,55,193124
C,12,56,206156
C,12,57,208988
C,12,58,211992
C,12,59,201593
C,12,60,199518
C,12,61,195716
C,12,62,237453
C,12,63,191832
C,12,64,205914
C,12,65,219240
C,12,66,189548
C,12,67,219754
C,12,68,225256
C,12,69,187279
C,12,70,218102
C,12,71,229441
C,12,72,195897
C,12,73,230665
C,12,74,219000
C,12,75,230114
C,12,76,189204
C,12,77,195940
C,12,78,217940
C,12,79,228134
C,12,80,236364
C,12,81,179926
C,12,82,210405
C,12,83,234582
C,12,84,208609
C,12,85,199043
C,12,86,211033
C,12,87,213225
C,12,88,202961
C,12,89,210696
C,12,90,223600
C,12,91,205576
C,12,92,195664
C,12,93,194421
C,12,94,213995
C,12,95,202110
C,12,96,202330
C,12,97,205556
C,12,98,226471
C,12,99,223920
C,13,0,204882
C,13,1,204841
C,13,2,246937
C,13,3,208915
C,13,4,220374
C,13,5,245935
C,13,6,215644
C,13,7,216689
C,13,8,235841
C,13,9,244896
C,13,10,243471
C,13,11,228585
C,13,12,238706
C,13,13,210305
C,13,14,229723
C,13,15,221467
C,13,16,208880
C,13,17,220159
C,13,18,226382
C,13,19,223623
C,13,20,217031
C,13,21,230700
C,13,22,239206
C,13,23,220317
C,13,24,269865
C,13,25,248157
C,13,26,238445
C,13,27,223013
C,13,28,228922
C,13,29,226445
C,13,30,252621
C,13,31,219440
C,13,32,242760
C,13,33,217959
C,13,34,207628
C,13,35,227265
C,13,36,242571
C,13,37,202593
C,13,38,219347
C,13,39,231793
C,13,40,237299
C,13,41,192099
C,13,42,235998
C,13,43,230750
C,13,44,221942
C,13,45,219010
C,13,46,223850
C,13,47,240912
C,13,48,232603
C,13,49,235246
C,13,50,233515
C,13,51,211847
C,13,52,222151
C,13,53,232189
C,13,54,253179
C,13,55,229114
C,13,56,216631
C,13,57,222599
C,13,58,232715
C,13,59,227222
C,13,60,228989
C,13,61,194868
C,13,62,223826
C,13,63,201712
C,13,64,231550
C,13,65,236341
C,13,66,222897
C,13,67,243837
C,13,68,232449
C,13,69,210659
C,13,70,226260
C,13,71,236264
C,13,72,220878
C,13,73,247744
C,13,74,240933
C,13,75,235908
C,13,76,217005
C,13,77,237072
C,13,78,241576
C,13,79,258250
C,13,80,255670
C,13,81,221124
C,13,82,225189
C,13,83,246490
C,13,84,250913
C,13,85,231345
C,13,86,242914
C,13,87,230669
C,13,88,215669
C,13,89,219094
C,13,90,227334
C,13,91,231757
C,13,92,209283
C,13,93,223763
C,13,94,219623
C,13,95,229942
C,13,96,218181
C,13,97,204041
C,13,98,251025
C,13,99,226575
C,14,0,199642
C,14,1,206159
C,14,2,219432
C,14,3,193847
C,14,4,214766
C,14,5,221446
C,14,6,212548
C,14,7,214357
C,14,8,209280
C,14,9,227205
C,14,10,231353
C,14,11,207594
C,14,12,236075
C,14,13,208660
C,14,14,207641
C,14,15,204337
C,14,16,199393
C,14,17,203545
C,14,18,208934
C,14,19,215724
C,14,20,188272
C,14,21,214973
C,14,22,215900
C,14,23,212886
C,14,24,224540
C,14,25,226035
C,14,26,215547
C,14,27,204039
C,14,28,209376
C,14,29,222864
C,14,30,215359
C,14,31,201132
C,14,32,211012
C,14,33,224250
C,14,34,206011
C,14,35,215471
C,14,36,230535
C,14,37,205049
C,14,38,191053
C,14,39,223484
C,14,40,229047
C,14,41,207191
C,14,42,230367
C,14,43,213295
C,14,44,215282
C,14,45,201470
C,14,46,203340
C,14,47,203736
C,14,48,200511
C,14,49,209387
C,14,50,201352
C,14,51,198661
C,14,52,221240
C,14,53,204457
C,14,54,235549
C,14,55,201743
C,14,56,197791
C,14,57,201917
C,14,58,210980
C,14,59,228139
C,14,60,217586
C,14,61,196729
C,14,62,229696
C,14,63,196068
C,14,64,209746
C,14,65,226044
C,14,66,203904
C,14,67,206103
C,14,68,231355
C,14,69,197310
C,14,70,210919
C,14,71,223750
C,14,72,204029
C,14,73,238954
C,14,74,220014
C,14,75,220570
C,14,76,198224
C,14,77,198966
C,14,78,240508
C,14,79,228258
C,14,80,244641
C,14,81,210655
C,14,82,213737
C,14,83,229975
C,14,84,224166
C,14,85,207098
C,14,86,215971
C,14,87,206998
C,14,88,209694
C,14,89,214670
C,14,90,209622
C,14,91,223990
C,14,92,203632
C,14,93,225121
C,14,94,209160
C,14,95,204477
C,14,96,198994
C,14,97,197914
C,14,98,224188
C,14,99,229966
C,15,0,217758
C,15,1,232283
C,15,2,246092
C,15,3,211021
C,15,4,243444
C,15,5,247649
C,15,6,240613
C,15,7,231635
C,15,8,227858
C,15,9,233383
C,15,10,244161
C,15,11,231621
C,15,12,249388
C,15,13,227998
C,15,14,230766
C,15,15,230343
C,15,16,239542
C,15,17,197499
C,15,18,228661
C,15,19,241172
C,15,20,227089
C,15,21,225452
C,15,22,229114
C,15,23,232821
C,15,24,254567
C,15,25,243364
C,15,26,242079
C,15,27,224111
C,15,28,241201
C,15,29,253213
C,15,30,261342
C,15,31,232686
C,15,32,241302
C,15,33,222973
C,15,34,226960
C,15,35,241637
C,15,36,251073
C,15,37,229724
C,15,38,237310
C,15,39,245516
C,15,40,257085
C,15,41,209915
C,15,42,249545
C,15,43,232007
C,15,44,235086
C,15,45,223172
C,15,46,229303
C,15,47,239510
C,15,48,232503
C,15,49,234626
C,15,50,240836
C,15,51,205150
C,15,52,234832
C,15,53,214634
C,15,54,255053
C,15,55,231474
C,15,56,230562
C,15,57,218253
C,15,58,235911
C,15,59,241260
C,15,60,237585
C,15,61,217664
C,15,62,259686
C,15,63,205811
C,15,64,237570
C,15,65,238965
C,15,66,227610
C,15,67,238853
C,15,68,250622
C,15,69,208889
C,15,70,231549
C,15,71,256599
C,15,72,217074
C,15,73,249500
C,15,74,242350
C,15,75,238314
C,15,76,218329
C,15,77,224528
C,15,78,243274
C,15,79,248429
C,15,80,262488
C,15,81,202432
C,15,82,236692
C,15,83,256114
C,15,84,238050
C,15,85,238157
C,15,86,222967
C,15,87,234837
C,15,88,224313
C,15,89,236759
C,15,90,239819
C,15,91,207982
C,15,92,233745
C,15,93,226475
C,15,94,229850
C,15,95,224135
C,15,96,226443
C,15,97,227837
C,15,98,245403
C,15,99,255395
C,16,0,191472
C,16,1,218595
C,16,2,243077
C,16,3,219235
C,16,4,215511
C,16,5,233879
C,16,6,228086
C,16,7,222686
C,16,8,223940
C,16,9,221204
C,16,10,236871
C,16,11,222818
C,16,12,242002
C,16,13,225046
C,16,14,228885
C,16,15,222338
C,16,16,206895
C,16,17,206777
C,16,18,230476
C,16,19,216290
C,16,20,194407
C,16,21,227646
C,16,22,237017
C,16,23,215281
C,16,24,256465
C,16,25,236067
C,16,26,233193
C,16,27,221259
C,16,28,225585
C,16,29,237757
C,16,30,251419
C,16,31,223712
C,16,32,238741
C,16,33,222539
C,16,34,208042
C,16,35,221933
C,16,36,242082
C,16,37,226253
C,16,38,224914
C,16,39,222246
C,16,40,232361
C,16,41,210740
C,16,42,245958
C,16,43,237328
C,16,44,227123
C,16,45,218859
C,16,46,230604
C,16,47,226260
C,16,48,237626
C,16,49,225180
C,16,50,214306
C,16,51,217101
C,16,52,232740
C,16,53,223503
C,16,54,248810
C,16,55,222352
C,16,56,240882
C,16,57,230765
C,16,58,244240
C,16,59,223638
C,16,60,248934
C,16,61,205472
C,16,62,247046
C,16,63,206261
C,16,64,225723
C,16,65,218181
C,16,66,225883
C,16,67,231186
C,16,68,228272
C,16,69,211560
C,16,70,226265
C,16,71,243149
C,16,72,213464
C,16,73,250248
C,16,74,229448
C,16,75,243492
C,16,76,209679
C,16,77,217217
C,16,78,230298
C,16,79,257057
C,16,80,248700
C,16,81,221878
C,16,82,219912
C,16,83,247356
C,16,84,228920
C,16,85,239439
C,16,86,220426
C,16,87,230093
C,16,88,234439
C,16,89,231576
C,16,90,246099
C,16,91,213354
C,16,92,210606
C,16,93,227105
C,16,94,216117
C,16,95,230132
C,16,96,218573
C,16,97,229961
C,16,98,255980
C,16,99,261165
C,17,0,208575
C,17,1,212769
C,17,2,225697
C,17,3,216814
C,17,4,228100
C,17,5,238987
C,17,6,215978
C,17,7,226825
C,17,8,241417
C,17,9,211888
C,17,10,247408
C,17,11,215389
C,17,12,232022
C,17,13,216571
C,17,14,243536
C,17,15,234786
C,17,16,217046
C,17,17,205029
C,17,18,250241
C,17,19,245762
C,17,20,195324
C,17,21,235813
C,17,22,233167
C,17,23,225918
C,17,24,256325
C,17,25,243082
C,17,26,238286
C,17,27,215529
C,17,28,226383
C,17,29,246131
C,17,30,241407
C,17,31,229335
C,17,32,227765
C,17,33,227068
C,17,34,211482
C,17,35,231680
C,17,36,224681
C,17,37,223056
C,17,38,207857
C,17,39,230244
C,17,40,245150
C,17,41,214930
C,17,42,242910
C,17,43,233114
C,17,44,228851
C,17,45,207956
C,17,46,207203
C,17,47,231110
C,17,48,235614
C,17,49,236150
C,17,50,235050
C,17,51,208096
C,17,52,221573
C,17,53,223585
C,17,54,250319
C,17,55,227033
C,17,56,219680
C,17,57,227591
C,17,58,233571
C,17,59,239553
C,17,60,235384
C,17,61,211549
C,17,62,236006
C,17,63,207031
C,17,64,238635
C,17,65,216735
C,17,66,226981
C,17,67,234196
C,17,68,224279
C,17,69,201453
C,17,70,202504
C,17,71,238118
C,17,72,207551
C,17,73,243660
C,17,74,242726
C,17,75,239170
C,17,76,207711
C,17,77,229318
C,17,78,235210
C,17,79,252065
C,17,80,257262
C,17,81,205826
C,17,82,209732
C,17,83,252365
C,17,84,244177
C,17,85,234891
C,17,86,234339
C,17,87,230671
C,17,88,238619
C,17,89,228422
C,17,90,270748
C,17,91,226355
C,17,92,212460
C,17,93,213042
C,17,94,214189
C,17,95,227017
C,17,96,227521
C,17,97,216596
C,17,98,234514
C,17,99,252697
C,18,0,198351
C,18,1,208515
C,18,2,227058
C,18,3,188688
C,18,4,232177
C,18,5,228930
C,18,6,213817
C,18,7,217386
C,18,8,206266
C,18,9,226895
C,18,10,227656
C,18,11,231783
C,18,12,233791
C,18,13,201444
C,18,14,231793
C,18,15,226142
C,18,16,209898
C,18,17,207603
C,18,18,216803
C,18,19,205810
C,18,20,219484
C,18,21,222495
C,18,22,217064
C,18,23,210801
C,18,24,245011
C,18,25,237090
C,18,26,221916
C,18,27,212081
C,18,28,225833
C,18,29,210924
C,18,30,237393
C,18,31,204640
C,18,32,237962
C,18,33,228659
C,18,34,202307
C,18,35,218695
C,18,36,231523
C,18,37,224817
C,18,38,202137
C,18,39,216948
C,18,40,226265
C,18,41,196029
C,18,42,248942
C,18,43,235811
C,18,44,218871
C,18,45,204931
C,18,46,230820
C,18,47,229617
C,18,48,236491
C,18,49,227414
C,18,50,211117
C,18,51,195897
C,18,52,213948
C,18,53,216243
C,18,54,242625
C,18,55,213432
C,18,56,218748
C,18,57,218944
C,18,58,227304
C,18,59,233155
C,18,60,222961
C,18,61,188318
C,18,62,221524
C,18,63,181950
C,18,64,243511
C,18,65,216507
C,18,66,220005
C,18,67,221473
C,18,68,219285
C,18,69,199201
C,18,70,210209
C,18,71,237832
C,18,72,189568
C,18,73,239314
C,18,74,229920
C,18,75,223850
C,18,76,226936
C,18,77,212108
C,18,78,236722
C,18,79,239632
C,18,80,250655
C,18,81,185684
C,18,82,217313
C,18,83,239227
C,18,84,221918
C,18,85,218105
C,18,86,229645
C,18,87,210286
C,18,88,224553
C,18,89,211954
C,18,90,237717
C,18,91,223682
C,18,92,224987
C,18,93,224622
C,18,94,203258
C,18,95,215623
C,18,96,215696
C,18,97,197877
C,18,98,237038
C,18,99,203863
C,19,0,196647
C,19,1,228585
C,19,2,231466
C,19,3,195936
C,19,4,217142
C,19,5,243811
C,19,6,231742
C,19,7,213662
C,19,8,237671
C,19,9,228162
C,19,10,242661
C,19,11,223730
C,19,12,242563
C,19,13,224377
C,19,14,238348
C,19,15,229222
C,19,16,216070
C,19,17,209648
C,19,18,227607
C,19,19,235392
C,19,20,203058
C,19,21,234395
C,19,22,228221
C,19,23,219000
C,19,24,258186
C,19,25,229935
C,19,26,223997
C,19,27,234852
C,19,28,228329
C,19,29,233645
C,19,30,246019
C,19,31,226693
C,19,32,229515
C,19,33,238849
C,19,34,212678
C,19,35,236255
C,19,36,251123
C,19,37,225409
C,19,38,224644
C,19,39,225948
C,19,40,237610
C,19,41,218720
C,19,42,252677
C,19,43,239271
C,19,44,237835
C,19,45,220780
C,19,46,234312
C,19,47,246993
C,19,48,231092
C,19,49,245411
C,19,50,214641
C,19,51,195166
C,19,52,216500
C,19,53,230432
C,19,54,254070
C,19,55,226807
C,19,56,213249
C,19,57,227686
C,19,58,238918
C,19,59,249919
C,19,60,228732
C,19,61,201185
C,19,62,245124
C,19,63,193292
C,19,64,246915
C,19,65,245989
C,19,66,233488
C,19,67,223889
C,19,68,232976
C,19,69,223375
C,19,70,215921
C,19,71,251479
C,19,72,203430
C,19,73,254321
C,19,74,224793
C,19,75,242480
C,19,76,215468
C,19,77,227286
C,19,78,241826
C,19,79,240040
C,19,80,240119
C,19,81,215293
C,19,82,230147
C,19,83,259742
C,19,84,235553
C,19,85,243200
C,19,86,226659
C,19,87,229398
C,19,88,218023
C,19,89,219306
C,19,90,235518
C,19,91,222452
C,19,92,213961
C,19,93,226910
C,19,94,227864
C,19,95,229506
C,19,96,222435
C,19,97,227113
C,19,98,226789
C,19,99,244520
C,20,0,200548
C,20,1,205469
C,20,2,216092
C,20,3,206766
C,20,4,220519
C,20,5,228352
C,20,6,213083
C,20,7,216559
C,20,8,223748
C,20,9,208301
C,20,10,233327
C,20,11,209489
C,20,12,225058
C,20,13,220409
C,20,14,222053
C,20,15,202717
C,20,16,224349
C,20,17,193467
C,20,18,227676
C,20,19,227652
C,20,20,203038
C,20,21,213275
C,20,22,218693
C,20,23,191928
C,20,24,232328
C,20,25,233895
C,20,26,214230
C,20,27,214074
C,20,28,225271
C,20,29,221175
C,20,30,236203
C,20,31,206179
C,20,32,217463
C,20,33,213944
C,20,34,210397
C,20,35,214717
C,20,36,229520
C,20,37,218922
C,20,38,216731
C,20,39,232325
C,20,40,219157
C,20,41,223959
C,20,42,235617
C,20,43,215024
C,20,44,211284
C,20,45,197612
C,20,46,212428
C,20,47,220599
C,20,48,221327
C,20,49,215539
C,20,50,218046
C,20,51,199032
C,20,52,214123
C,20,53,213477
C,20,54,224888
C,20,55,216740
C,20,56,205255
C,20,57,207125
C,20,58,219469
C,20,59,213362
C,20,60,209675
C,20,61,191739
C,20,62,224318
C,20,63,184347
C,20,64,218350
C,20,65,217110
C,20,66,207777
C,20,67,225463
C,20,68,215908
C,20,69,192696
C,20,70,216552
C,20,71,236261
C,20,72,190310
C,20,73,232499
C,20,74,228634
C,20,75,223318
C,20,76,201192
C,20,77,200904
C,20,78,226430
C,20,79,237707
C,20,80,226411
C,20,81,204871
C,20,82,221646
C,20,83,238498
C,20,84,238318
C,20,85,220275
C,20,86,218419
C,20,87,211038
C,20,88,222593
C,20,89,218248
C,20,90,242400
C,20,91,215764
C,20,92,207445
C,20,93,218892
C,20,94,209205
C,20,95,209424
C,20,96,200083
C,20,97,197138
C,20,98,237667
C,20,99,231285
C,21,0,192548
C,21,1,208874
C,21,2,226439
C,21,3,195536
C,21,4,216381
C,21,5,235845
C,21,6,220664
C,21,7,209450
C,21,8,214895
C,21,9,223352
C,21,10,231782
C,21,11,224398
C,21,12,239297
C,21,13,215204
C,21,14,230220
C,21,15,222837
C,21,16,206524
C,21,17,207833
C,21,18,209933
C,21,19,234113
C,21,20,211214
C,21,21,215626
C,21,22,222118
C,21,23,220567
C,21,24,221489
C,21,25,229769
C,21,26,208990
C,21,27,220301
C,21,28,229789
C,21,29,224462
C,21,30,243333
C,21,31,205090
C,21,32,226576
C,21,33,208439
C,21,34,208050
C,21,35,231268
C,21,36,237111
C,21,37,213232
C,21,38,213190
C,21,39,238946
C,21,40,221411
C,21,41,207764
C,21,42,239442
C,21,43,225037
C,21,44,218485
C,21,45,220107
C,21,46,213092
C,21,47,229506
C,21,48,222183
C,21,49,227796
C,21,50,214017
C,21,51,199489
C,21,52,209431
C,21,53,218307
C,21,54,221521
C,21,55,223322
C,21,56,193371
C,21,57,220608
C,21,58,220582
C,21,59,231659
C,21,60,215076
C,21,61,191989
C,21,62,227268
C,21,63,176502
C,21,64,236231
C,21,65,209796
C,21,66,216069
C,21,67,221850
C,21,68,238415
C,21,69,199277
C,21,70,209502
C,21,71,226656
C,21,72,206257
C,21,73,237080
C,21,74,220276
C,21,75,209538
C,21,76,207391
C,21,77,224565
C,21,78,229669
C,21,79,245272
C,21,80,226423
C,21,81,193740
C,21,82,215816
C,21,83,229695
C,21,84,229256
C,21,85,210181
C,21,86,221787
C,21,87,210183
C,21,88,195183
C,21,89,220740
C,21,90,224697
C,21,91,210737
C,21,92,200914
C,21,93,212008
C,21,94,217567
C,21,95,211518
C,21,96,203697
C,21,97,201653
C,21,98,232743
C,21,99,223859
C,22,0,192827
C,22,1,209739
C,22,2,233915
C,22,3,197211
C,22,4,225887
C,22,5,226386
C,22,6,218056
C,22,7,211419
C,22,8,222896
C,22,9,215577
C,22,10,231865
C,22,11,211253
C,22,12,239398
C,22,13,220619
C,22,14,216759
C,22,15,212766
C,22,16,212612
C,22,17,203239
C,22,18,224559
C,22,19,231411
C,22,20,192250
C,22,21,212859
C,22,22,208765
C,22,23,214860
C,22,24,235185
C,22,25,227225
C,22,26,205656
C,22,27,233775
C,22,28,222123
C,22,29,214106
C,22,30,241135
C,22,31,227336
C,22,32,231444
C,22,33,210082
C,22,34,217491
C,22,35,220956
C,22,36,236159
C,22,37,203861
C,22,38,207411
C,22,39,224547
C,22,40,223655
C,22,41,216947
C,22,42,230268
C,22,43,227336
C,22,44,221350
C,22,45,220614
C,22,46,210838
C,22,47,212272
C,22,48,214374
C,22,49,219757
C,22,50,227360
C,22,51,194457
C,22,52,215565
C,22,53,223186
C,22,54,235100
C,22,55,236947
C,22,56,204273
C,22,57,218506
C,22,58,239667
C,22,59,215926
C,22,60,216903
C,22,61,200095
C,22,62,235049
C,22,63,189927
C,22,64,234506
C,22,65,225753
C,22,66,210531
C,22,67,215567
C,22,68,227069
C,22,69,200785
C,22,70,207029
C,22,71,244315
C,22,72,211929
C,22,73,223546
C,22,74,230545
C,22,75,242719
C,22,76,213498
C,22,77,213105
C,22,78,234245
C,22,79,236895
C,22,80,246050
C,22,81,198903
C,22,82,218048
C,22,83,237525
C,22,84,233165
C,22,85,219055
C,22,86,235971
C,22,87,217148
C,22,88,227734
C,22,89,223382
C,22,90,229589
C,22,91,217125
C,22,92,200480
C,22,93,210286
C,22,94,203981
C,22,95,217916
C,22,96,227659
C,22,97,216875
C,22,98,237696
C,22,99,220986
C,23,0,220111
C,23,1,228909
C,23,2,238939
C,23,3,221046
C,23,4,225535
C,23,5,240869
C,23,6,236083
C,23,7,231099
C,23,8,230692
C,23,9,243627
C,23,10,230723
C,23,11,223155
C,23,12,245378
C,23,13,236892
C,23,14,231724
C,23,15,219956
C,23,16,224092
C,23,17,212459
C,23,18,226742
C,23,19,234303
C,23,20,236257
C,23,21,237120
C,23,22,228305
C,23,23,229492
C,23,24,248151
C,23,25,257655
C,23,26,235376
C,23,27,247787
C,23,28,233874
C,23,29,241904
C,23,30,257317
C,23,31,224287
C,23,32,250823
C,23,33,249837
C,23,34,226562
C,23,35,240419
C,23,36,247087
C,23,37,224561
C,23,38,218271
C,23,39,226735
C,23,40,239508
C,23,41,215030
C,23,42,248311
C,23,43,233946
C,23,44,227133
C,23,45,223301
C,23,46,221856
C,23,47,247949
C,23,48,235907
C,23,49,232490
C,23,50,226109
C,23,51,207351
C,23,52,232396
C,23,53,222973
C,23,54,252541
C,23,55,224500
C,23,56,241337
C,23,57,224483
C,23,58,222736
C,23,59,246400
C,23,60,240844
C,23,61,200450
C,23,62,240199
C,23,63,207836
C,23,64,234774
C,23,65,247864
C,23,66,229586
C,23,67,224963
C,23,68,242256
C,23,69,216628
C,23,70,240441
C,23,71,244923
C,23,72,215725
C,23,73,262396
C,23,74,237358
C,23,75,230022
C,23,76,226017
C,23,77,218263
C,23,78,238991
C,23,79,252560
C,23,80,256667
C,23,81,221159
C,23,82,225625
C,23,83,251829
C,23,84,245941
C,23,85,228596
C,23,86,243243
C,23,87,213983
C,23,88,231228
C,23,89,243733
C,23,90,250703
C,23,91,236392
C,23,92,234009
C,23,93,230401
C,23,94,223153
C,23,95,224525
C,23,96,206686
C,23,97,222336
C,23,98,245543
C,23,99,246100
C,24,0,194585
C,24,1,208370
C,24,2,225964
C,24,3,203779
C,24,4,208519
C,24,5,224877
C,24,6,205697
C,24,7,210271
C,24,8,204944
C,24,9,208987
C,24,10,217318
C,24,11,202581
C,24,12,224230
C,24,13,198418
C,24,14,204869
C,24,15,205929
C,24,16,209002
C,24,17,188929
C,24,18,223634
C,24,19,210014
C,24,20,190181
C,24,21,204498
C,24,22,198069
C,24,23,189822
C,24,24,216018
C,24,25,217734
C,24,26,202167
C,24,27,214738
C,24,28,212931
C,24,29,223973
C,24,30,216364
C,24,31,187919
C,24,32,210317
C,24,33,219337
C,24,34,198546
C,24,35,196648
C,24,36,217800
C,24,37,211498
C,24,38,196152
C,24,39,211898
C,24,40,212906
C,24,41,200706
C,24,42,236300
C,24,43,207428
C,24,44,193086
C,24,45,186471
C,24,46,206784
C,24,47,227375
C,24,48,208247
C,24,49,220453
C,24,50,193823
C,24,51,181252
C,24,52,210705
C,24,53,196619
C,24,54,230772
C,24,55,191335
C,24,56,203401
C,24,57,210872
C,24,58,208157
C,24,59,218103
C,24,60,203534
C,24,61,178602
C,24,62,221113
C,24,63,175847
C,24,64,208642
C,24,65,215847
C,24,66,207250
C,24,67,211304
C,24,68,228983
C,24,69,212044
C,24,70,206840
C,24,71,230094
C,24,72,185120
C,24,73,229204
C,24,74,223741
C,24,75,225762
C,24,76,193924
C,24,77,206758
C,24,78,219310
C,24,79,222708
C,24,80,226121
C,24,81,207410
C,24,82,215050
C,24,83,243708
C,24,84,219857
C,24,85,208985
C,24,86,205377
C,24,87,185607
C,24,88,205232
C,24,89,224682
C,24,90,230273
C,24,91,206274
C,24,92,194039
C,24,93,216770
C,24,94,220882
C,24,95,200315
C,24,96,186807
C,24,97,194481
C,24,98,232293
C,24,99,225578
C,25,0,198771
C,25,1,209267
C,25,2,227522
C,25,3,197752
C,25,4,216095
C,25,5,228080
C,25,6,205840
C,25,7,199877
C,25,8,183483
C,25,9,222160
C,25,10,224086
C,25,11,205182
C,25,12,236804
C,25,13,198086
C,25,14,209447
C,25,15,215278
C,25,16,203979
C,25,17,182225
C,25,18,203989
C,25,19,208668
C,25,20,203774
C,25,21,206828
C,25,22,209756
C,25,23,200740
C,25,24,229697
C,25,25,213556
C,25,26,216450
C,25,27,194562
C,25,28,218064
C,25,29,224663
C,25,30,243491
C,25,31,200810
C,25,32,211855
C,25,33,204906
C,25,34,193452
C,25,35,209094
C,25,36,230887
C,25,37,211759
C,25,38,209285
C,25,39,211445
C,25,40,223904
C,25,41,178315
C,25,42,231118
C,25,43,209188
C,25,44,208320
C,25,45,201029
C,25,46,201702
C,25,47,225218
C,25,48,213994
C,25,49,224994
C,25,50,219435
C,25,51,176917
C,25,52,216548
C,25,53,218921
C,25,54,229441
C,25,55,200469
C,25,56,209316
C,25,57,198695
C,25,58,212584
C,25,59,231459
C,25,60,212536
C,25,61,172225
C,25,62,227272
C,25,63,192254
C,25,64,208269
C,25,65,232342
C,25,66,209447
C,25,67,209059
C,25,68,233479
C,25,69,192742
C,25,70,218843
C,25,71,233300
C,25,72,203919
C,25,73,234981
C,25,74,219218
C,25,75,229234
C,25,76,204567
C,25,77,208180
C,25,78,226221
C,25,79,233763
C,25,80,239062
C,25,81,200539
C,25,82,201764
C,25,83,223084
C,25,84,222886
C,25,85,208516
C,25,86,210527
C,25,87,198407
C,25,88,204242
C,25,89,209468
C,25,90,209400
C,25,91,209385
C,25,92,212041
C,25,93,197081
C,25,94,205599
C,25,95,202615
C,25,96,205696
C,25,97,201576
C,25,98,218589
C,25,99,212752
C,26,0,198467
C,26,1,213231
C,26,2,222073
C,26,3,205482
C,26,4,206987
C,26,5,240003
C,26,6,230758
C,26,7,210088
C,26,8,210692
C,26,9,188223
C,26,10,236943
C,26,11,209663
C,26,12,227562
C,26,13,206868
C,26,14,214555
C,26,15,228238
C,26,16,217944
C,26,17,189903
C,26,18,227357
C,26,19,236127
C,26,20,199990
C,26,21,233742
C,26,22,229857
C,26,23,224923
C,26,24,240053
C,26,25,238861
C,26,26,220209
C,26,27,223077
C,26,28,219640
C,26,29,232625
C,26,30,248006
C,26,31,223774
C,26,32,240923
C,26,33,219411
C,26,34,214387
C,26,35,229950
C,26,36,236075
C,26,37,218618
C,26,38,216660
C,26,39,228220
C,26,40,236815
C,26,41,222323
C,26,42,247450
C,26,43,215432
C,26,44,221730
C,26,45,211642
C,26,46,216521
C,26,47,216768
C,26,48,228989
C,26,49,223135
C,26,50,225665
C,26,51,205225
C,26,52,232390
C,26,53,227345
C,26,54,232244
C,26,55,227453
C,26,56,225855
C,26,57,225713
C,26,58,229800
C,26,59,236183
C,26,60,229895
C,26,61,201779
C,26,62,246633
C,26,63,194620
C,26,64,229517
C,26,65,229156
C,26,66,210977
C,26,67,228848
C,26,68,239782
C,26,69,198724
C,26,70,212493
C,26,71,230780
C,26,72,203322
C,26,73,249737
C,26,74,236936
C,26,75,225197
C,26,76,207659
C,26,77,211465
C,26,78,240166
C,26,79,243506
C,26,80,225354
C,26,81,209750
C,26,82,203386
C,26,83,245863
C,26,84,233340
C,26,85,219428
C,26,86,228817
C,26,87,215796
C,26,88,204533
C,26,89,223051
C,26,90,244108
C,26,91,215841
C,26,92,215032
C,26,93,210865
C,26,94,220015
C,26,95,218253
C,26,96,221072
C,26,97,223878
C,26,98,218616
C,26,99,245040
C,27,0,212470
C,27,1,231384
C,27,2,258100
C,27,3,217479
C,27,4,248443
C,27,5,245633
C,27,6,239949
C,27,7,223385
C,27,8,241060
C,27,9,231862
C,27,10,257819
C,27,11,221076
C,27,12,275769
C,27,13,252626
C,27,14,244229
C,27,15,235124
C,27,16,238467
C,27,17,219989
C,27,18,236597
C,27,19,256935
C,27,20,232276
C,27,21,243375
C,27,22,245596
C,27,23,217092
C,27,24,258751
C,27,25,258545
C,27,26,240406
C,27,27,252490
C,27,28,256611
C,27,29,260571
C,27,30,282214
C,27,31,229763
C,27,32,254237
C,27,33,254490
C,27,34,237068
C,27,35,239147
C,27,36,252900
C,27,37,249535
C,27,38,249896
C,27,39,248141
C,27,40,259128
C,27,41,228118
C,27,42,279261
C,27,43,250967
C,27,44,232257
C,27,45,236788
C,27,46,230351
C,27,47,240672
C,27,48,233017
C,27,49,240335
C,27,50,244297
C,27,51,230330
C,27,52,243470
C,27,53,239778
C,27,54,254815
C,27,55,234219
C,27,56,227438
C,27,57,244497
C,27,58,242632
C,27,59,259311
C,27,60,245416
C,27,61,230797
C,27,62,264653
C,27,63,208267
C,27,64,254417
C,27,65,253670
C,27,66,243846
C,27,67,251237
C,27,68,252361
C,27,69,238597
C,27,70,240732
C,27,71,256371
C,27,72,227417
C,27,73,273683
C,27,74,255044
C,27,75,267721
C,27,76,226071
C,27,77,230687
C,27,78,269632
C,27,79,280266
C,27,80,268773
C,27,81,242470
C,27,82,254945
C,27,83,269252
C,27,84,253403
C,27,85,240270
C,27,86,251103
C,27,87,227696
C,27,88,227985
C,27,89,244894
C,27,90,269274
C,27,91,242222
C,27,92,231643
C,27,93,233613
C,27,94,246649
C,27,95,227908
C,27,96,231451
C,27,97,235168
C,27,98,261751
C,27,99,259958
C,28,0,204468
C,28,1,218240
C,28,2,233959
C,28,3,195419
C,28,4,227145
C,28,5,223752
C,28,6,219598
C,28,7,228096
C,28,8,222017
C,28,9,226758
C,28,10,235263
C,28,11,210481
C,28,12,249923
C,28,13,203673
C,28,14,214208
C,28,15,217090
C,28,16,211101
C,28,17,208044
C,28,18,209919
C,28,19,222673
C,28,20,222224
C,28,21,218301
C,28,22,209650
C,28,23,206344
C,28,24,245886
C,28,25,226346
C,28,26,229438
C,28,27,223097
C,28,28,217316
C,28,29,226363
C,28,30,251029
C,28,31,209316
C,28,32,233932
C,28,33,215594
C,28,34,208465
C,28,35,221062
C,28,36,227938
C,28,37,226818
C,28,38,203686
C,28,39,219816
C,28,40,224436
C,28,41,192680
C,28,42,240090
C,28,43,233067
C,28,44,217313
C,28,45,204088
C,28,46,216683
C,28,47,242315
C,28,48,224855
C,28,49,222069
C,28,50,200960
C,28,51,195458
C,28,52,221817
C,28,53,225606
C,28,54,242218
C,28,55,210357
C,28,56,216726
C,28,57,220148
C,28,58,219815
C,28,59,237592
C,28,60,218192
C,28,61,196798
C,28,62,235486
C,28,63,192254
C,28,64,220449
C,28,65,218116
C,28,66,200269
C,28,67,221632
C,28,68,247584
C,28,69,202559
C,28,70,234797
C,28,71,245322
C,28,72,198196
C,28,73,241950
C,28,74,240142
C,28,75,240013
C,28,76,212537
C,28,77,226118
C,28,78,220736
C,28,79,247343
C,28,80,244446
C,28,81,196064
C,28,82,228841
C,28,83,235896
C,28,84,218871
C,28,85,235043
C,28,86,225366
C,28,87,213144
C,28,88,214515
C,28,89,228756
C,28,90,234938
C,28,91,215373
C,28,92,220256
C,28,93,215988
C,28,94,215353
C,28,95,213848
C,28,96,207304
C,28,97,208058
C,28,98,245908
C,28,99,224846
C,29,0,180499
C,29,1,212061
C,29,2,203015
C,29,3,193825
C,29,4,209938
C,29,5,223148
C,29,6,196884
C,29,7,181528
C,29,8,205878
C,29,9,212330
C,29,10,213979
C,29,11,199176
C,29,12,218290
C,29,13,202599
C,29,14,195857
C,29,15,188309
C,29,16,191201
C,29,17,192152
C,29,18,200030
C,29,19,208434
C,29,20,179162
C,29,21,210162
C,29,22,195599
C,29,23,205147
C,29,24,222390
C,29,25,219160
C,29,26,213392
C,29,27,207038
C,29,28,221257
C,29,29,214687
C,29,30,218893
C,29,31,184113
C,29,32,208925
C,29,33,204595
C,29,34,187550
C,29,35,201468
C,29,36,216907
C,29,37,185227
C,29,38,190643
C,29,39,209740
C,29,40,216734
C,29,41,191052
C,29,42,218782
C,29,43,211757
C,29,44,199771
C,29,45,208154
C,29,46,195797
C,29,47,199857
C,29,48,201379
C,29,49,193328
C,29,50,199598
C,29,51,190963
C,29,52,193034
C,29,53,203871
C,29,54,226358
C,29,55,204067
C,29,56,204572
C,29,57,202421
C,29,58,205872
C,29,59,220702
C,29,60,205646
C,29,61,197654
C,29,62,216822
C,29,63,176128
C,29,64,203429
C,29,65,217659
C,29,66,191357
C,29,67,204241
C,29,68,226661
C,29,69,181967
C,29,70,206026
C,29,71,224942
C,29,72,198856
C,29,73,220165
C,29,74,218823
C,29,75,219682
C,29,76,185548
C,29,77,205623
C,29,78,218245
C,29,79,230450
C,29,80,227818
C,29,81,220104
C,29,82,211147
C,29,83,228498
C,29,84,205672
C,29,85,209044
C,29,86,197973
C,29,87,190520
C,29,88,193887
C,29,89,202754
C,29,90,213502
C,29,91,212484
C,29,92,189719
C,29,93,204267
C,29,94,189071
C,29,95,206379
C,29,96,191179
C,29,97,193464
C,29,98,213890
C,29,99,210829
C,30,0,225481
C,30,1,232086
C,30,2,246027
C,30,3,220015
C,30,4,244692
C,30,5,253875
C,30,6,261493
C,30,7,244169
C,30,8,240815
C,30,9,237822
C,30,10,265209
C,30,11,232376
C,30,12,270420
C,30,13,242293
C,30,14,242377
C,30,15,254126
C,30,16,234087
C,30,17,234483
C,30,18,226377
C,30,19,252157
C,30,20,226293
C,30,21,256478
C,30,22,242577
C,30,23,243258
C,30,24,275735
C,30,25,262539
C,30,26,241708
C,30,27,258215
C,30,28,252178
C,30,29,247974
C,30,30,277995
C,30,31,240234
C,30,32,272724
C,30,33,250554
C,30,34,231438
C,30,35,269326
C,30,36,259386
C,30,37,250084
C,30,38,235487
C,30,39,251334
C,30,40,249512
C,30,41,225390
C,30,42,286537
C,30,43,260661
C,30,44,241909
C,30,45,248525
C,30,46,242110
C,30,47,249594
C,30,48,246426
C,30,49,254905
C,30,50,256702
C,30,51,225178
C,30,52,244518
C,30,53,254574
C,30,54,275457
C,30,55,257893
C,30,56,243997
C,30,57,260373
C,30,58,250624
C,30,59,259382
C,30,60,246622
C,30,61,217544
C,30,62,262505
C,30,63,208636
C,30,64,252569
C,30,65,261279
C,30,66,258389
C,30,67,249775
C,30,68,254642
C,30,69,230618
C,30,70,252965
C,30,71,253766
C,30,72,222840
C,30,73,275414
C,30,74,261567
C,30,75,253770
C,30,76,222964
C,30,77,238267
C,30,78,263835
C,30,79,268063
C,30,80,265305
C,30,81,208168
C,30,82,244396
C,30,83,273580
C,30,84,261091
C,30,85,256740
C,30,86,250934
C,30,87,248167
C,30,88,232383
C,30,89,244630
C,30,90,242377
C,30,91,237620
C,30,92,240715
C,30,93,237272
C,30,94,256206
C,30,95,240590
C,30,96,231900
C,30,97,237152
C,30,98,259808
C,30,99,247617
C,31,0,196916
C,31,1,203721
C,31,2,219221
C,31,3,205674
C,31,4,198407
C,31,5,218666
C,31,6,207415
C,31,7,207194
C,31,8,208832
C,31,9,214264
C,31,10,219814
C,31,11,195035
C,31,12,223306
C,31,13,221792
C,31,14,211263
C,31,15,206374
C,31,16,206915
C,31,17,188918
C,31,18,213002
C,31,19,229667
C,31,20,192366
C,31,21,209906
C,31,22,201346
C,31,23,206584
C,31,24,214914
C,31,25,220061
C,31,26,195167
C,31,27,222444
C,31,28,214559
C,31,29,212895
C,31,30,223751
C,31,31,200059
C,31,32,210802
C,31,33,216645
C,31,34,200900
C,31,35,230525
C,31,36,227592
C,31,37,208906
C,31,38,218524
C,31,39,219248
C,31,40,223556
C,31,41,203087
C,31,42,226874
C,31,43,208140
C,31,44,203111
C,31,45,197320
C,31,46,196198
C,31,47,219865
C,31,48,210107
C,31,49,221257
C,31,50,223044
C,31,51,173764
C,31,52,206385
C,31,53,188681
C,31,54,232552
C,31,55,204866
C,31,56,203228
C,31,57,198983
C,31,58,199469
C,31,59,211461
C,31,60,197106
C,31,61,184128
C,31,62,226969
C,31,63,190888
C,31,64,216470
C,31,65,219228
C,31,66,214698
C,31,67,205538
C,31,68,220078
C,31,69,192606
C,31,70,200627
C,31,71,219836
C,31,72,193225
C,31,73,231832
C,31,74,224761
C,31,75,220141
C,31,76,191312
C,31,77,203303
C,31,78,218035
C,31,79,217761
C,31,80,237472
C,31,81,192294
C,31,82,209973
C,31,83,243141
C,31,84,222014
C,31,85,209108
C,31,86,199620
C,31,87,213408
C,31,88,202090
C,31,89,215846
C,31,90,208874
C,31,91,203075
C,31,92,196541
C,31,93,197846
C,31,94,199846
C,31,95,188908
C,31,96,193463
C,31,97,191914
C,31,98,217767
C,31,99,227322
C,32,0,186289
C,32,1,202732
C,32,2,204481
C,32,3,193478
C,32,4,209795
C,32,5,219679
C,32,6,214732
C,32,7,206991
C,32,8,218232
C,32,9,201849
C,32,10,218839
C,32,11,208962
C,32,12,218310
C,32,13,211438
C,32,14,205664
C,32,15,208009
C,32,16,189861
C,32,17,192051
C,32,18,224434
C,32,19,227987
C,32,20,202254
C,32,21,220095
C,32,22,199659
C,32,23,202019
C,32,24,228548
C,32,25,228615
C,32,26,207064
C,32,27,203902
C,32,28,212233
C,32,29,214036
C,32,30,238185
C,32,31,193318
C,32,32,217080
C,32,33,209031
C,32,34,192687
C,32,35,220624
C,32,36,213899
C,32,37,218627
C,32,38,199670
C,32,39,228318
C,32,40,226369
C,32,41,210483
C,32,42,241201
C,32,43,216253
