C,32,44,212988
C,32,45,201738
C,32,46,193531
C,32,47,220928
C,32,48,226708
C,32,49,215906
C,32,50,206055
C,32,51,198206
C,32,52,209996
C,32,53,199728
C,32,54,230786
C,32,55,186492
C,32,56,205951
C,32,57,211109
C,32,58,211945
C,32,59,219335
C,32,60,214541
C,32,61,184298
C,32,62,210424
C,32,63,193198
C,32,64,206473
C,32,65,199669
C,32,66,198786
C,32,67,205251
C,32,68,228442
C,32,69,185886
C,32,70,197354
C,32,71,223330
C,32,72,193942
C,32,73,238931
C,32,74,218065
C,32,75,218396
C,32,76,200190
C,32,77,197894
C,32,78,222600
C,32,79,219777
C,32,80,229224
C,32,81,194716
C,32,82,212409
C,32,83,227109
C,32,84,216879
C,32,85,211437
C,32,86,209312
C,32,87,209528
C,32,88,214050
C,32,89,208071
C,32,90,237590
C,32,91,212596
C,32,92,208995
C,32,93,197869
C,32,94,199964
C,32,95,207698
C,32,96,191132
C,32,97,189937
C,32,98,213502
C,32,99,235858
C,33,0,177536
C,33,1,185819
C,33,2,194367
C,33,3,186990
C,33,4,194734
C,33,5,230330
C,33,6,195891
C,33,7,184719
C,33,8,194213
C,33,9,205065
C,33,10,209237
C,33,11,199889
C,33,12,213711
C,33,13,202903
C,33,14,200149
C,33,15,182243
C,33,16,194619
C,33,17,184652
C,33,18,205571
C,33,19,224557
C,33,20,189612
C,33,21,199670
C,33,22,210947
C,33,23,191662
C,33,24,216295
C,33,25,215419
C,33,26,205487
C,33,27,195816
C,33,28,194556
C,33,29,195204
C,33,30,222892
C,33,31,191037
C,33,32,212636
C,33,33,209570
C,33,34,205654
C,33,35,205243
C,33,36,211729
C,33,37,191304
C,33,38,204866
C,33,39,209288
C,33,40,208077
C,33,41,183627
C,33,42,209699
C,33,43,202143
C,33,44,204121
C,33,45,183689
C,33,46,190280
C,33,47,224940
C,33,48,206364
C,33,49,209108
C,33,50,180100
C,33,51,179447
C,33,52,198264
C,33,53,193751
C,33,54,206884
C,33,55,208503
C,33,56,191105
C,33,57,201333
C,33,58,204611
C,33,59,205283
C,33,60,203335
C,33,61,170015
C,33,62,210844
C,33,63,183970
C,33,64,206610
C,33,65,200165
C,33,66,213587
C,33,67,209041
C,33,68,210049
C,33,69,186703
C,33,70,199448
C,33,71,210840
C,33,72,189653
C,33,73,230666
C,33,74,199882
C,33,75,218942
C,33,76,176940
C,33,77,208368
C,33,78,209508
C,33,79,223631
C,33,80,210366
C,33,81,207014
C,33,82,207365
C,33,83,217514
C,33,84,216488
C,33,85,188908
C,33,86,189623
C,33,87,181710
C,33,88,197577
C,33,89,201371
C,33,90,214530
C,33,91,207817
C,33,92,197477
C,33,93,191019
C,33,94,196538
C,33,95,197357
C,33,96,191837
C,33,97,200579
C,33,98,211160
C,33,99,211683
C,34,0,211643
C,34,1,237849
C,34,2,250485
C,34,3,225826
C,34,4,259026
C,34,5,250858
C,34,6,242863
C,34,7,248473
C,34,8,237347
C,34,9,239326
C,34,10,256797
C,34,11,243838
C,34,12,256628
C,34,13,247452
C,34,14,246414
C,34,15,236820
C,34,16,233990
C,34,17,206597
C,34,18,225272
C,34,19,258243
C,34,20,220626
C,34,21,236558
C,34,22,253957
C,34,23,245919
C,34,24,260603
C,34,25,263540
C,34,26,243221
C,34,27,233656
C,34,28,253349
C,34,29,269043
C,34,30,272312
C,34,31,238581
C,34,32,263842
C,34,33,232651
C,34,34,238401
C,34,35,243842
C,34,36,246885
C,34,37,231806
C,34,38,225561
C,34,39,261593
C,34,40,252939
C,34,41,227004
C,34,42,264295
C,34,43,253951
C,34,44,236300
C,34,45,224329
C,34,46,241468
C,34,47,247052
C,34,48,241381
C,34,49,246734
C,34,50,244922
C,34,51,224888
C,34,52,256782
C,34,53,232599
C,34,54,255460
C,34,55,232203
C,34,56,233008
C,34,57,230102
C,34,58,242460
C,34,59,253249
C,34,60,251188
C,34,61,216161
C,34,62,269234
C,34,63,217592
C,34,64,235671
C,34,65,245697
C,34,66,244188
C,34,67,242648
C,34,68,254766
C,34,69,223026
C,34,70,234116
C,34,71,263952
C,34,72,229144
C,34,73,275060
C,34,74,253192
C,34,75,245170
C,34,76,234781
C,34,77,216115
C,34,78,266326
C,34,79,263506
C,34,80,263534
C,34,81,224413
C,34,82,240604
C,34,83,260128
C,34,84,255636
C,34,85,243543
C,34,86,239456
C,34,87,240495
C,34,88,240574
C,34,89,236627
C,34,90,263947
C,34,91,235298
C,34,92,220703
C,34,93,239636
C,34,94,242453
C,34,95,238361
C,34,96,235485
C,34,97,235971
C,34,98,252008
C,34,99,272846
C,35,0,212884
C,35,1,223219
C,35,2,233751
C,35,3,223398
C,35,4,234049
C,35,5,239039
C,35,6,220166
C,35,7,229957
C,35,8,226757
C,35,9,231350
C,35,10,247114
C,35,11,217232
C,35,12,246553
C,35,13,220179
C,35,14,232941
C,35,15,208018
C,35,16,224370
C,35,17,215697
C,35,18,227866
C,35,19,246322
C,35,20,201921
C,35,21,220576
C,35,22,228835
C,35,23,221243
C,35,24,240902
C,35,25,224341
C,35,26,225344
C,35,27,226506
C,35,28,246575
C,35,29,218190
C,35,30,232824
C,35,31,212807
C,35,32,239305
C,35,33,231421
C,35,34,225518
C,35,35,237873
C,35,36,242339
C,35,37,229090
C,35,38,222017
C,35,39,238205
C,35,40,240640
C,35,41,206503
C,35,42,244217
C,35,43,231405
C,35,44,233802
C,35,45,203639
C,35,46,228013
C,35,47,231342
C,35,48,245922
C,35,49,228517
C,35,50,208696
C,35,51,197674
C,35,52,227196
C,35,53,216311
C,35,54,247101
C,35,55,230048
C,35,56,216449
C,35,57,212288
C,35,58,230347
C,35,59,237119
C,35,60,227227
C,35,61,195930
C,35,62,236671
C,35,63,207974
C,35,64,235584
C,35,65,214430
C,35,66,232282
C,35,67,229904
C,35,68,253733
C,35,69,217475
C,35,70,219471
C,35,71,245292
C,35,72,206937
C,35,73,245400
C,35,74,234532
C,35,75,240588
C,35,76,197880
C,35,77,235801
C,35,78,232242
C,35,79,243739
C,35,80,243860
C,35,81,219038
C,35,82,228043
C,35,83,245365
C,35,84,238518
C,35,85,223274
C,35,86,215939
C,35,87,228373
C,35,88,239988
C,35,89,244393
C,35,90,241556
C,35,91,228577
C,35,92,221246
C,35,93,229410
C,35,94,224379
C,35,95,214001
C,35,96,209824
C,35,97,221481
C,35,98,235271
C,35,99,242223
C,36,0,196444
C,36,1,204878
C,36,2,227293
C,36,3,206739
C,36,4,203637
C,36,5,231854
C,36,6,203080
C,36,7,219489
C,36,8,224600
C,36,9,196838
C,36,10,223984
C,36,11,190366
C,36,12,227781
C,36,13,212802
C,36,14,219951
C,36,15,202639
C,36,16,189651
C,36,17,182768
C,36,18,216071
C,36,19,209776
C,36,20,195518
C,36,21,209120
C,36,22,203602
C,36,23,212483
C,36,24,219446
C,36,25,218450
C,36,26,205580
C,36,27,208641
C,36,28,206778
C,36,29,218038
C,36,30,233671
C,36,31,183842
C,36,32,226677
C,36,33,204802
C,36,34,189585
C,36,35,217922
C,36,36,213579
C,36,37,220198
C,36,38,213602
C,36,39,220850
C,36,40,229674
C,36,41,197281
C,36,42,234104
C,36,43,221062
C,36,44,211608
C,36,45,196642
C,36,46,207749
C,36,47,220624
C,36,48,211917
C,36,49,203266
C,36,50,215532
C,36,51,180504
C,36,52,217796
C,36,53,200270
C,36,54,219748
C,36,55,214579
C,36,56,210747
C,36,57,211668
C,36,58,204346
C,36,59,219647
C,36,60,217670
C,36,61,177663
C,36,62,236543
C,36,63,193303
C,36,64,225095
C,36,65,218048
C,36,66,199303
C,36,67,199662
C,36,68,221619
C,36,69,195689
C,36,70,206715
C,36,71,238295
C,36,72,204936
C,36,73,244111
C,36,74,206059
C,36,75,226209
C,36,76,205650
C,36,77,204401
C,36,78,221426
C,36,79,209749
C,36,80,238926
C,36,81,198463
C,36,82,200247
C,36,83,232266
C,36,84,213253
C,36,85,213616
C,36,86,210557
C,36,87,213159
C,36,88,210405
C,36,89,218310
C,36,90,240522
C,36,91,208526
C,36,92,217755
C,36,93,203452
C,36,94,197252
C,36,95,204564
C,36,96,206431
C,36,97,208631
C,36,98,213809
C,36,99,228599
C,37,0,211551
C,37,1,233213
C,37,2,243545
C,37,3,204480
C,37,4,234861
C,37,5,233353
C,37,6,247613
C,37,7,227961
C,37,8,234722
C,37,9,224104
C,37,10,255002
C,37,11,225716
C,37,12,249923
C,37,13,227713
C,37,14,217901
C,37,15,217287
C,37,16,205730
C,37,17,204111
C,37,18,220864
C,37,19,230700
C,37,20,208602
C,37,21,238064
C,37,22,221846
C,37,23,218543
C,37,24,258102
C,37,25,245355
C,37,26,245752
C,37,27,219932
C,37,28,243241
C,37,29,232767
C,37,30,252384
C,37,31,231061
C,37,32,247040
C,37,33,215825
C,37,34,202682
C,37,35,239733
C,37,36,244411
C,37,37,239202
C,37,38,225951
C,37,39,231492
C,37,40,239913
C,37,41,221926
C,37,42,235046
C,37,43,236045
C,37,44,238818
C,37,45,214442
C,37,46,224748
C,37,47,222994
C,37,48,224131
C,37,49,233388
C,37,50,229018
C,37,51,204683
C,37,52,221088
C,37,53,237649
C,37,54,248602
C,37,55,240725
C,37,56,226296
C,37,57,222793
C,37,58,233489
C,37,59,240012
C,37,60,221062
C,37,61,214321
C,37,62,247839
C,37,63,209711
C,37,64,221042
C,37,65,222810
C,37,66,228223
C,37,67,243058
C,37,68,235067
C,37,69,211346
C,37,70,227611
C,37,71,261198
C,37,72,205922
C,37,73,252803
C,37,74,246640
C,37,75,257891
C,37,76,207143
C,37,77,216881
C,37,78,243594
C,37,79,256220
C,37,80,221728
C,37,81,233043
C,37,82,240604
C,37,83,251270
C,37,84,244789
C,37,85,235400
C,37,86,239318
C,37,87,240756
C,37,88,228052
C,37,89,229662
C,37,90,242665
C,37,91,235192
C,37,92,226231
C,37,93,198155
C,37,94,236030
C,37,95,228007
C,37,96,214910
C,37,97,209053
C,37,98,252042
C,37,99,240615
C,38,0,189335
C,38,1,227266
C,38,2,224135
C,38,3,198557
C,38,4,234846
C,38,5,238571
C,38,6,221288
C,38,7,218532
C,38,8,234862
C,38,9,224775
C,38,10,244933
C,38,11,222924
C,38,12,243398
C,38,13,227400
C,38,14,231679
C,38,15,215888
C,38,16,207971
C,38,17,204436
C,38,18,211141
C,38,19,225017
C,38,20,200226
C,38,21,219518
C,38,22,215915
C,38,23,220795
C,38,24,256149
C,38,25,241007
C,38,26,241825
C,38,27,223516
C,38,28,241296
C,38,29,232296
C,38,30,251157
C,38,31,218711
C,38,32,230874
C,38,33,234667
C,38,34,205531
C,38,35,230574
C,38,36,241533
C,38,37,231359
C,38,38,241068
C,38,39,235552
C,38,40,239839
C,38,41,225149
C,38,42,254322
C,38,43,241376
C,38,44,228633
C,38,45,228373
C,38,46,234648
C,38,47,222560
C,38,48,227434
C,38,49,239468
C,38,50,228729
C,38,51,202938
C,38,52,214733
C,38,53,228546
C,38,54,243727
C,38,55,232455
C,38,56,227619
C,38,57,231573
C,38,58,242011
C,38,59,225234
C,38,60,220130
C,38,61,213002
C,38,62,261412
C,38,63,191374
C,38,64,255463
C,38,65,232991
C,38,66,234892
C,38,67,235405
C,38,68,230055
C,38,69,212600
C,38,70,220341
C,38,71,249473
C,38,72,213538
C,38,73,255967
C,38,74,227869
C,38,75,253192
C,38,76,206625
C,38,77,219309
C,38,78,227621
C,38,79,257957
C,38,80,252573
C,38,81,216150
C,38,82,233127
C,38,83,248029
C,38,84,226254
C,38,85,246094
C,38,86,213365
C,38,87,237281
C,38,88,218002
C,38,89,220858
C,38,90,243398
C,38,91,221318
C,38,92,212749
C,38,93,224460
C,38,94,220651
C,38,95,225760
C,38,96,211375
C,38,97,225049
C,38,98,243050
C,38,99,237242
C,39,0,206737
C,39,1,231476
C,39,2,254015
C,39,3,221198
C,39,4,234783
C,39,5,237934
C,39,6,227348
C,39,7,225131
C,39,8,228966
C,39,9,230954
C,39,10,238509
C,39,11,216390
C,39,12,240660
C,39,13,222795
C,39,14,233145
C,39,15,230935
C,39,16,221805
C,39,17,214082
C,39,18,215349
C,39,19,244921
C,39,20,223853
C,39,21,232342
C,39,22,238401
C,39,23,218734
C,39,24,248078
C,39,25,247569
C,39,26,229856
C,39,27,230488
C,39,28,236386
C,39,29,237429
C,39,30,265788
C,39,31,221876
C,39,32,254075
C,39,33,228147
C,39,34,231424
C,39,35,240025
C,39,36,243183
C,39,37,222874
C,39,38,228974
C,39,39,247999
C,39,40,237504
C,39,41,215886
C,39,42,256757
C,39,43,244536
C,39,44,226001
C,39,45,222981
C,39,46,224609
C,39,47,239891
C,39,48,233095
C,39,49,238742
C,39,50,228699
C,39,51,215966
C,39,52,239374
C,39,53,214304
C,39,54,231330
C,39,55,228489
C,39,56,226084
C,39,57,227287
C,39,58,226824
C,39,59,233036
C,39,60,245769
C,39,61,203405
C,39,62,238620
C,39,63,196293
C,39,64,239881
C,39,65,227364
C,39,66,229664
C,39,67,246198
C,39,68,243120
C,39,69,202229
C,39,70,242583
C,39,71,252916
C,39,72,212774
C,39,73,256013
C,39,74,242147
C,39,75,236873
C,39,76,219083
C,39,77,228499
C,39,78,240212
C,39,79,257854
C,39,80,254874
C,39,81,216085
C,39,82,234205
C,39,83,254602
C,39,84,242448
C,39,85,220422
C,39,86,243105
C,39,87,224280
C,39,88,225202
C,39,89,229096
C,39,90,257198
C,39,91,227172
C,39,92,227200
C,39,93,225872
C,39,94,234261
C,39,95,218911
C,39,96,219960
C,39,97,219418
C,39,98,244585
C,39,99,238883
C,40,0,188186
C,40,1,198787
C,40,2,224128
C,40,3,196773
C,40,4,205310
C,40,5,223690
C,40,6,216948
C,40,7,214250
C,40,8,205384
C,40,9,213511
C,40,10,229920
C,40,11,211930
C,40,12,231734
C,40,13,214871
C,40,14,188466
C,40,15,221019
C,40,16,191372
C,40,17,206204
C,40,18,213665
C,40,19,214953
C,40,20,196039
C,40,21,205164
C,40,22,218981
C,40,23,204656
C,40,24,239815
C,40,25,229685
C,40,26,223632
C,40,27,207248
C,40,28,218721
C,40,29,227314
C,40,30,248009
C,40,31,203717
C,40,32,218363
C,40,33,207447
C,40,34,209812
C,40,35,219547
C,40,36,213659
C,40,37,229514
C,40,38,205970
C,40,39,221100
C,40,40,227323
C,40,41,197417
C,40,42,247146
C,40,43,224293
C,40,44,202242
C,40,45,203174
C,40,46,209822
C,40,47,206360
C,40,48,212311
C,40,49,222466
C,40,50,216796
C,40,51,202970
C,40,52,228146
C,40,53,203985
C,40,54,231088
C,40,55,214470
C,40,56,204175
C,40,57,225569
C,40,58,220847
C,40,59,225625
C,40,60,212840
C,40,61,196058
C,40,62,237723
C,40,63,194284
C,40,64,230649
C,40,65,217958
C,40,66,216214
C,40,67,216979
C,40,68,218478
C,40,69,202595
C,40,70,213073
C,40,71,224423
C,40,72,198527
C,40,73,245504
C,40,74,230186
C,40,75,232173
C,40,76,193984
C,40,77,202574
C,40,78,213911
C,40,79,248083
C,40,80,236661
C,40,81,195948
C,40,82,220216
C,40,83,235418
C,40,84,223323
C,40,85,221413
C,40,86,214824
C,40,87,209287
C,40,88,215164
C,40,89,202439
C,40,90,224985
C,40,91,195139
C,40,92,219849
C,40,93,213719
C,40,94,218792
C,40,95,220778
C,40,96,204814
C,40,97,212589
C,40,98,244046
C,40,99,222343
C,41,0,187821
C,41,1,203457
C,41,2,238697
C,41,3,203074
C,41,4,222272
C,41,5,214511
C,41,6,228427
C,41,7,220538
C,41,8,221189
C,41,9,224220
C,41,10,232888
C,41,11,214614
C,41,12,236745
C,41,13,213971
C,41,14,219786
C,41,15,216483
C,41,16,198153
C,41,17,196214
C,41,18,218552
C,41,19,223767
C,41,20,199929
C,41,21,214217
C,41,22,219224
C,41,23,211816
C,41,24,238981
C,41,25,225193
C,41,26,218904
C,41,27,208817
C,41,28,214897
C,41,29,231194
C,41,30,244026
C,41,31,204207
C,41,32,216563
C,41,33,217283
C,41,34,202507
C,41,35,211370
C,41,36,237855
C,41,37,220646
C,41,38,209475
C,41,39,238448
C,41,40,227623
C,41,41,196565
C,41,42,233542
C,41,43,238432
C,41,44,206543
C,41,45,215735
C,41,46,207743
C,41,47,219073
C,41,48,214884
C,41,49,232855
C,41,50,226310
C,41,51,220086
C,41,52,222480
C,41,53,212567
C,41,54,223614
C,41,55,214926
C,41,56,205929
C,41,57,227079
C,41,58,204076
C,41,59,233281
C,41,60,216838
C,41,61,208074
C,41,62,226582
C,41,63,209238
C,41,64,220766
C,41,65,219677
C,41,66,219948
C,41,67,236107
C,41,68,223580
C,41,69,197738
C,41,70,227788
C,41,71,225914
C,41,72,204684
C,41,73,258036
C,41,74,234537
C,41,75,232837
C,41,76,218343
C,41,77,206373
C,41,78,246311
C,41,79,241413
C,41,80,244923
C,41,81,209156
C,41,82,220928
C,41,83,230821
C,41,84,223794
C,41,85,220378
C,41,86,222342
C,41,87,231967
C,41,88,215803
C,41,89,218614
C,41,90,226813
C,41,91,217003
C,41,92,215197
C,41,93,214847
C,41,94,229897
C,41,95,224798
C,41,96,207242
C,41,97,208162
C,41,98,230308
C,41,99,227982
C,42,0,186928
C,42,1,203574
C,42,2,206389
C,42,3,204149
C,42,4,208959
C,42,5,198403
C,42,6,199631
C,42,7,195997
C,42,8,203069
C,42,9,212081
C,42,10,210795
C,42,11,201663
C,42,12,218878
C,42,13,203954
C,42,14,200738
C,42,15,217059
C,42,16,205059
C,42,17,191993
C,42,18,209594
C,42,19,222965
C,42,20,170700
C,42,21,210906
C,42,22,202692
C,42,23,185820
C,42,24,225889
C,42,25,216592
C,42,26,200029
C,42,27,202008
C,42,28,202306
C,42,29,203961
C,42,30,223105
C,42,31,190278
C,42,32,199438
C,42,33,210476
C,42,34,187303
C,42,35,214006
C,42,36,223596
C,42,37,188725
C,42,38,197050
C,42,39,202707
C,42,40,212751
C,42,41,190655
C,42,42,218150
C,42,43,215971
C,42,44,206361
C,42,45,192601
C,42,46,203262
C,42,47,213575
C,42,48,208600
C,42,49,215792
C,42,50,200264
C,42,51,184791
C,42,52,203507
C,42,53,201088
C,42,54,227580
C,42,55,191036
C,42,56,178083
C,42,57,192418
C,42,58,211017
C,42,59,212952
C,42,60,197680
C,42,61,173023
C,42,62,218153
C,42,63,198492
C,42,64,204007
C,42,65,202192
C,42,66,216379
C,42,67,208030
C,42,68,217457
C,42,69,199768
C,42,70,194045
C,42,71,222314
C,42,72,206302
C,42,73,230711
C,42,74,223018
C,42,75,221709
C,42,76,188971
C,42,77,194743
C,42,78,213286
C,42,79,222353
C,42,80,234541
C,42,81,188781
C,42,82,200348
C,42,83,230191
C,42,84,220122
C,42,85,202040
C,42,86,185697
C,42,87,230177
C,42,88,185381
C,42,89,201187
C,42,90,212170
C,42,91,197889
C,42,92,190129
C,42,93,207014
C,42,94,196848
C,42,95,201693
C,42,96,207979
C,42,97,201535
C,42,98,217088
C,42,99,228482
C,43,0,210129
C,43,1,231172
C,43,2,248635
C,43,3,201819
C,43,4,220434
C,43,5,236996
C,43,6,239948
C,43,7,237806
C,43,8,243818
C,43,9,227461
C,43,10,235432
C,43,11,214345
C,43,12,247121
C,43,13,222636
C,43,14,226848
C,43,15,222991
C,43,16,217671
C,43,17,204491
C,43,18,222256
C,43,19,238585
C,43,20,219674
C,43,21,226453
C,43,22,233969
C,43,23,221318
C,43,24,256707
C,43,25,253679
C,43,26,240973
C,43,27,230167
C,43,28,231138
C,43,29,231588
C,43,30,238521
C,43,31,211945
C,43,32,243748
C,43,33,242548
C,43,34,224071
C,43,35,228786
C,43,36,249503
C,43,37,216417
C,43,38,224920
C,43,39,223473
C,43,40,249116
C,43,41,214624
C,43,42,242781
C,43,43,234984
C,43,44,228412
C,43,45,230211
C,43,46,223572
C,43,47,235195
C,43,48,225900
C,43,49,242504
C,43,50,239336
C,43,51,225580
C,43,52,233278
C,43,53,224141
C,43,54,242368
C,43,55,229277
C,43,56,235407
C,43,57,248497
C,43,58,235772
C,43,59,263702
C,43,60,235919
C,43,61,208101
C,43,62,253556
C,43,63,195964
C,43,64,246018
C,43,65,244019
C,43,66,224231
C,43,67,246164
C,43,68,240346
C,43,69,222403
C,43,70,241823
C,43,71,246804
C,43,72,225999
C,43,73,263601
C,43,74,267679
C,43,75,238792
C,43,76,224003
C,43,77,241925
C,43,78,250159
C,43,79,258336
C,43,80,234198
C,43,81,223262
C,43,82,240966
C,43,83,269035
C,43,84,239341
C,43,85,232488
C,43,86,237593
C,43,87,228276
C,43,88,216284
C,43,89,229542
C,43,90,262828
C,43,91,230026
C,43,92,236942
C,43,93,240269
C,43,94,235766
C,43,95,233649
C,43,96,223153
C,43,97,226622
C,43,98,254350
C,43,99,237760
C,44,0,187410
C,44,1,198957
C,44,2,224524
C,44,3,196967
C,44,4,236016
C,44,5,221506
C,44,6,221212
C,44,7,221091
C,44,8,230168
C,44,9,213482
C,44,10,228213
C,44,11,217042
C,44,12,241019
C,44,13,227384
C,44,14,222938
C,44,15,207743
C,44,16,207592
C,44,17,209447
C,44,18,231051
C,44,19,222617
C,44,20,206062
C,44,21,224974
C,44,22,222687
C,44,23,217685
C,44,24,241344
C,44,25,233899
C,44,26,230130
C,44,27,219147
C,44,28,225776
C,44,29,231693
C,44,30,236240
C,44,31,204350
C,44,32,230546
C,44,33,210960
C,44,34,190582
C,44,35,225779
C,44,36,227883
C,44,37,225106
C,44,38,210733
C,44,39,239734
C,44,40,230817
C,44,41,206760
C,44,42,236720
C,44,43,232790
C,44,44,221546
C,44,45,199026
C,44,46,220503
C,44,47,223402
C,44,48,229061
C,44,49,223621
C,44,50,210556
C,44,51,201926
C,44,52,222478
C,44,53,227594
C,44,54,240000
C,44,55,208775
C,44,56,205341
C,44,57,219496
C,44,58,208836
C,44,59,212613
C,44,60,219678
C,44,61,189919
C,44,62,237125
C,44,63,207821
C,44,64,231180
C,44,65,217990
C,44,66,205193
C,44,67,227691
C,44,68,236755
C,44,69,197265
C,44,70,213669
C,44,71,238976
C,44,72,206174
C,44,73,243309
C,44,74,221917
C,44,75,228585
C,44,76,210229
C,44,77,210197
C,44,78,236552
C,44,79,230011
C,44,80,244807
C,44,81,203524
C,44,82,214558
C,44,83,242312
C,44,84,231349
C,44,85,223539
C,44,86,230547
C,44,87,219460
C,44,88,215325
C,44,89,228496
C,44,90,238441
C,44,91,208186
C,44,92,211038
C,44,93,214525
C,44,94,218359
C,44,95,231278
C,44,96,200957
C,44,97,192177
C,44,98,234215
C,44,99,232236
C,45,0,209552
C,45,1,224491
C,45,2,253112
C,45,3,223773
C,45,4,224081
C,45,5,244668
C,45,6,235469
C,45,7,242401
C,45,8,229718
C,45,9,228294
C,45,10,246279
C,45,11,229779
C,45,12,240060
C,45,13,218089
C,45,14,244082
C,45,15,225734
C,45,16,232532
C,45,17,216697
C,45,18,241408
C,45,19,239025
C,45,20,213181
C,45,21,239888
C,45,22,245128
C,45,23,235042
C,45,24,257015
C,45,25,253336
C,45,26,255412
C,45,27,228253
C,45,28,250209
C,45,29,246117
C,45,30,254258
C,45,31,230689
C,45,32,251226
C,45,33,242778
C,45,34,228445
C,45,35,231780
C,45,36,243947
C,45,37,234350
C,45,38,237999
C,45,39,248775
C,45,40,254296
C,45,41,219958
C,45,42,251804
C,45,43,245340
C,45,44,240053
C,45,45,211146
C,45,46,232259
C,45,47,234651
C,45,48,232641
C,45,49,233391
C,45,50,232399
C,45,51,219636
C,45,52,245409
C,45,53,222594
C,45,54,249272
C,45,55,242722
C,45,56,219613
C,45,57,227461
C,45,58,247856
C,45,59,238438
C,45,60,241112
C,45,61,208405
C,45,62,253930
C,45,63,204120
C,45,64,234946
C,45,65,233859
C,45,66,226405
C,45,67,238144
C,45,68,232781
C,45,69,206808
C,45,70,228238
C,45,71,247766
C,45,72,208377
C,45,73,261157
C,45,74,236267
C,45,75,232123
C,45,76,221016
C,45,77,225993
C,45,78,244799
C,45,79,258658
C,45,80,260867
C,45,81,225636
C,45,82,227318
C,45,83,260396
C,45,84,248019
C,45,85,233989
C,45,86,243117
C,45,87,230835
C,45,88,241371
C,45,89,226379
C,45,90,256424
C,45,91,231697
C,45,92,225196
C,45,93,240318
C,45,94,239626
C,45,95,221250
C,45,96,221073
C,45,97,216629
C,45,98,240457
C,45,99,246206
C,46,0,198520
C,46,1,213100
C,46,2,218888
C,46,3,201191
C,46,4,217875
C,46,5,196587
C,46,6,204497
C,46,7,210536
C,46,8,222329
C,46,9,213029
C,46,10,220146
C,46,11,206215
C,46,12,229416
C,46,13,217081
C,46,14,202836
C,46,15,215117
C,46,16,211610
C,46,17,188951
C,46,18,219300
C,46,19,213248
C,46,20,196451
C,46,21,214725
C,46,22,212615
C,46,23,201229
C,46,24,232644
C,46,25,230151
C,46,26,227476
C,46,27,216583
C,46,28,216606
C,46,29,219043
C,46,30,231645
C,46,31,201786
C,46,32,212592
C,46,33,214254
C,46,34,185327
C,46,35,229773
C,46,36,218658
C,46,37,208624
C,46,38,197105
C,46,39,217103
C,46,40,227797
C,46,41,205649
C,46,42,223717
C,46,43,223898
C,46,44,229885
C,46,45,199228
C,46,46,203367
C,46,47,229474
C,46,48,218022
C,46,49,204379
C,46,50,203815
C,46,51,198851
C,46,52,202257
C,46,53,198713
C,46,54,225795
C,46,55,204256
C,46,56,196345
C,46,57,203078
C,46,58,209544
C,46,59,216155
C,46,60,211521
C,46,61,179523
C,46,62,226131
C,46,63,195378
C,46,64,209232
C,46,65,195679
C,46,66,224853
C,46,67,200354
C,46,68,224563
C,46,69,198419
C,46,70,191349
C,46,71,211419
C,46,72,205773
C,46,73,234776
C,46,74,202448
C,46,75,223449
C,46,76,194049
C,46,77,196786
C,46,78,207138
C,46,79,233052
C,46,80,231553
C,46,81,193914
C,46,82,213366
C,46,83,240879
C,46,84,211299
C,46,85,210883
C,46,86,210982
C,46,87,214826
C,46,88,200856
C,46,89,208598
C,46,90,232507
C,46,91,202194
C,46,92,203422
C,46,93,204130
C,46,94,208323
C,46,95,208979
C,46,96,183783
C,46,97,209895
C,46,98,234070
C,46,99,223791
C,47,0,183607
C,47,1,202425
C,47,2,212746
C,47,3,192821
C,47,4,211531
C,47,5,205548
C,47,6,197144
C,47,7,192788
C,47,8,203160
C,47,9,204655
C,47,10,230212
C,47,11,194974
C,47,12,218565
C,47,13,209066
C,47,14,203614
C,47,15,208406
C,47,16,184728
C,47,17,181412
C,47,18,213032
C,47,19,211766
C,47,20,192376
C,47,21,207978
C,47,22,195411
C,47,23,197316
C,47,24,217216
C,47,25,198565
C,47,26,187869
C,47,27,206109
C,47,28,216348
C,47,29,208131
C,47,30,228194
C,47,31,185279
C,47,32,198682
C,47,33,201764
C,47,34,180181
C,47,35,200272
C,47,36,220831
C,47,37,205272
C,47,38,191780
C,47,39,217712
C,47,40,215659
C,47,41,190094
C,47,42,238050
C,47,43,220142
C,47,44,205510
C,47,45,190968
C,47,46,201767
C,47,47,210143
C,47,48,205042
C,47,49,205100
C,47,50,200820
C,47,51,171667
C,47,52,199206
C,47,53,199488
C,47,54,222783
C,47,55,181069
C,47,56,185237
C,47,57,198499
C,47,58,194613
C,47,59,206579
C,47,60,199180
C,47,61,166152
C,47,62,210082
C,47,63,181512
C,47,64,206057
C,47,65,203344
C,47,66,194505
C,47,67,210020
C,47,68,219536
C,47,69,187767
C,47,70,205039
C,47,71,222065
C,47,72,188487
C,47,73,217289
C,47,74,198844
C,47,75,202997
C,47,76,198374
C,47,77,194978
C,47,78,211038
C,47,79,209481
C,47,80,224374
C,47,81,183949
C,47,82,197838
C,47,83,218885
C,47,84,210515
C,47,85,191143
C,47,86,199079
C,47,87,199230
C,47,88,193603
C,47,89,205284
C,47,90,216005
C,47,91,190318
C,47,92,187411
C,47,93,195569
C,47,94,198246
C,47,95,198800
C,47,96,187949
C,47,97,187423
C,47,98,217115
C,47,99,207497
C,48,0,225820
C,48,1,230384
C,48,2,233843
C,48,3,219747
C,48,4,237665
C,48,5,260457
C,48,6,227632
C,48,7,222620
C,48,8,247940
C,48,9,236545
C,48,10,248299
C,48,11,236279
C,48,12,250213
C,48,13,240637
C,48,14,245573
C,48,15,235223
C,48,16,238722
C,48,17,218161
C,48,18,239634
C,48,19,254605
C,48,20,221949
C,48,21,240130
C,48,22,242925
C,48,23,244408
C,48,24,267087
C,48,25,243594
C,48,26,238118
C,48,27,232854
C,48,28,249809
C,48,29,250809
C,48,30,274578
C,48,31,228777
C,48,32,241527
C,48,33,237865
C,48,34,219590
C,48,35,261455
C,48,36,249452
C,48,37,224936
C,48,38,234476
C,48,39,235668
C,48,40,261998
C,48,41,223729
C,48,42,255391
C,48,43,239549
C,48,44,239626
C,48,45,226152
C,48,46,236853
C,48,47,248073
C,48,48,248593
C,48,49,235400
C,48,50,242034
C,48,51,212239
C,48,52,236164
C,48,53,227680
C,48,54,271271
C,48,55,242580
C,48,56,215498
C,48,57,227008
C,48,58,234704
C,48,59,264775
C,48,60,235899
C,48,61,217615
C,48,62,240636
C,48,63,209301
C,48,64,259768
C,48,65,232834
C,48,66,247694
C,48,67,242065
C,48,68,249438
C,48,69,231598
C,48,70,213634
C,48,71,254058
C,48,72,230794
C,48,73,259996
C,48,74,239753
C,48,75,232022
C,48,76,215382
C,48,77,241099
C,48,78,252787
C,48,79,255759
C,48,80,257318
C,48,81,224171
C,48,82,220117
C,48,83,264107
C,48,84,278990
C,48,85,243228
C,48,86,239409
C,48,87,234411
C,48,88,225232
C,48,89,237754
C,48,90,248681
C,48,91,234647
C,48,92,238369
C,48,93,227399
C,48,94,230461
C,48,95,225475
C,48,96,217695
C,48,97,220963
C,48,98,242258
C,48,99,257132
C,49,0,197610
C,49,1,202986
C,49,2,219537
C,49,3,192550
C,49,4,215032
C,49,5,219119
C,49,6,222756
C,49,7,212115
C,49,8,227659
C,49,9,204212
C,49,10,228938
C,49,11,204658
C,49,12,238083
C,49,13,217275
C,49,14,206653
C,49,15,210628
C,49,16,197759
C,49,17,197472
C,49,18,230547
C,49,19,231312
C,49,20,193487
C,49,21,218456
C,49,22,198369
C,49,23,203552
C,49,24,236176
C,49,25,242135
C,49,26,200150
C,49,27,224823
C,49,28,206183
C,49,29,209895
C,49,30,229769
C,49,31,212140
C,49,32,216867
C,49,33,223571
C,49,34,201846
C,49,35,219930
C,49,36,226326
C,49,37,217798
C,49,38,200597
C,49,39,220483
C,49,40,219779
C,49,41,217572
C,49,42,242631
C,49,43,216901
C,49,44,212401
C,49,45,210738
C,49,46,211230
C,49,47,233582
C,49,48,217390
C,49,49,225846
C,49,50,199063
C,49,51,195478
C,49,52,219038
C,49,53,216623
C,49,54,232524
C,49,55,198888
C,49,56,194603
C,49,57,222818
C,49,58,216505
C,49,59,220807
C,49,60,194937
C,49,61,192781
C,49,62,231551
C,49,63,192896
C,49,64,220286
C,49,65,212469
C,49,66,215078
C,49,67,224002
C,49,68,234832
C,49,69,199072
C,49,70,209852
C,49,71,223217
C,49,72,208109
C,49,73,242073
C,49,74,233497
C,49,75,244221
C,49,76,209879
C,49,77,197642
C,49,78,219414
C,49,79,233655
C,49,80,229089
C,49,81,187809
C,49,82,215757
C,49,83,229147
C,49,84,222492
C,49,85,219243
C,49,86,215053
C,49,87,213571
C,49,88,208806
C,49,89,222993
C,49,90,235955
C,49,91,209467
C,49,92,211873
C,49,93,217424
C,49,94,209624
C,49,95,211060
C,49,96,207406
C,49,97,199862
C,49,98,234483
C,49,99,229248
C,50,0,191901
C,50,1,205779
C,50,2,224076
C,50,3,204198
C,50,4,216946
C,50,5,222051
C,50,6,222138
C,50,7,219575
C,50,8,205024
C,50,9,217022
C,50,10,240756
C,50,11,214604
C,50,12,228055
C,50,13,205767
C,50,14,222033
C,50,15,217982
C,50,16,202537
C,50,17,199657
C,50,18,214544
C,50,19,215748
C,50,20,208679
C,50,21,222777
C,50,22,224568
C,50,23,220451
C,50,24,242151
C,50,25,234559
C,50,26,239509
C,50,27,220996
C,50,28,220343
C,50,29,230953
C,50,30,248655
C,50,31,215690
C,50,32,230387
C,50,33,221525
C,50,34,201102
C,50,35,215965
C,50,36,231309
C,50,37,197376
C,50,38,206280
C,50,39,216907
C,50,40,245147
C,50,41,199457
C,50,42,228039
C,50,43,221282
C,50,44,209558
C,50,45,205160
C,50,46,232545
C,50,47,225019
C,50,48,227054
C,50,49,217447
C,50,50,213342
C,50,51,209613
C,50,52,207232
C,50,53,217817
C,50,54,256471
C,50,55,200641
C,50,56,210501
C,50,57,210473
C,50,58,216084
C,50,59,221588
C,50,60,206821
C,50,61,210395
C,50,62,234902
C,50,63,203203
C,50,64,215437
C,50,65,225517
C,50,66,212357
C,50,67,236689
C,50,68,224801
C,50,69,212017
C,50,70,214016
C,50,71,223716
C,50,72,193772
C,50,73,236566
C,50,74,242301
C,50,75,230226
C,50,76,207621
C,50,77,216049
C,50,78,229976
C,50,79,255515
C,50,80,254468
C,50,81,224906
C,50,82,212335
C,50,83,245539
C,50,84,232636
C,50,85,225316
C,50,86,224941
C,50,87,218507
C,50,88,209627
C,50,89,212290
C,50,90,224670
C,50,91,221637
C,50,92,211256
C,50,93,201994
C,50,94,217260
C,50,95,207349
C,50,96,204220
C,50,97,211959
C,50,98,232197
C,50,99,219357
C,51,0,179501
C,51,1,174971
C,51,2,208831
C,51,3,195242
C,51,4,192264
C,51,5,208459
C,51,6,211794
C,51,7,193771
C,51,8,193744
C,51,9,191604
C,51,10,223641
C,51,11,205456
C,51,12,218330
C,51,13,214021
C,51,14,192824
C,51,15,186677
C,51,16,188634
C,51,17,171407
C,51,18,212991
C,51,19,201345
C,51,20,192130
C,51,21,210314
C,51,22,195755
C,51,23,207342
C,51,24,217711
C,51,25,208998
C,51,26,215515
C,51,27,204975
C,51,28,220856
C,51,29,222378
C,51,30,210821
C,51,31,201463
C,51,32,205429
C,51,33,189322
C,51,34,187395
C,51,35,210626
C,51,36,213313
C,51,37,207074
C,51,38,204505
C,51,39,209898
C,51,40,220957
C,51,41,192157
C,51,42,219721
C,51,43,192816
C,51,44,200515
C,51,45,187022
C,51,46,189337
C,51,47,193257
C,51,48,201657
C,51,49,198863
C,51,50,196574
C,51,51,184507
C,51,52,178858
C,51,53,192456
C,51,54,224824
C,51,55,192528
C,51,56,190854
C,51,57,194403
C,51,58,202374
C,51,59,212778
C,51,60,198910
C,51,61,195299
C,51,62,208850
C,51,63,179345
C,51,64,202985
C,51,65,196276
C,51,66,190829
C,51,67,195735
C,51,68,203186
C,51,69,196411
C,51,70,182439
C,51,71,208368
C,51,72,172940
C,51,73,210533
C,51,74,195353
C,51,75,204881
C,51,76,169813
C,51,77,185287
C,51,78,202173
C,51,79,213831
C,51,80,216032
C,51,81,200200
C,51,82,195387
C,51,83,216138
C,51,84,205346
C,51,85,194887
C,51,86,200057
C,51,87,193701
C,51,88,193298
C,51,89,203119
C,51,90,210780
C,51,91,203489
C,51,92,174142
C,51,93,183715
C,51,94,195520
C,51,95,195722
C,51,96,185160
C,51,97,190487
C,51,98,210938
C,51,99,216847
C,52,0,178996
C,52,1,195701
C,52,2,203514
C,52,3,178565
C,52,4,200407
C,52,5,208922
C,52,6,201181
C,52,7,182978
C,52,8,192115
C,52,9,201980
C,52,10,200762
C,52,11,187107
C,52,12,227833
C,52,13,199991
C,52,14,181476
C,52,15,193278
C,52,16,187343
C,52,17,165350
C,52,18,199539
C,52,19,203187
C,52,20,192101
C,52,21,193433
C,52,22,193312
C,52,23,181149
C,52,24,210417
C,52,25,212149
C,52,26,196676
C,52,27,202107
C,52,28,206409
C,52,29,218604
C,52,30,204997
C,52,31,189225
C,52,32,198525
C,52,33,198515
C,52,34,192178
C,52,35,197764
C,52,36,205783
C,52,37,190774
C,52,38,188903
C,52,39,195975
C,52,40,217129
C,52,41,190855
C,52,42,224990
C,52,43,197088
C,52,44,188888
C,52,45,189726
C,52,46,192707
C,52,47,210273
C,52,48,203693
C,52,49,193480
C,52,50,193712
C,52,51,180180
C,52,52,201969
C,52,53,196851
C,52,54,216847
C,52,55,189356
C,52,56,203631
C,52,57,205229
C,52,58,205711
C,52,59,213773
C,52,60,197883
C,52,61,181670
C,52,62,220259
C,52,63,189461
C,52,64,209494
C,52,65,212059
C,52,66,186216
C,52,67,181690
C,52,68,208034
C,52,69,183176
C,52,70,184714
C,52,71,221491
C,52,72,188022
C,52,73,227248
C,52,74,222358
C,52,75,236116
C,52,76,183761
C,52,77,191647
C,52,78,204960
C,52,79,230197
C,52,80,220505
C,52,81,185222
C,52,82,199230
C,52,83,224363
C,52,84,197473
C,52,85,197740
C,52,86,202896
C,52,87,188497
C,52,88,188258
C,52,89,197124
C,52,90,222166
C,52,91,205753
C,52,92,189213
C,52,93,199474
C,52,94,185138
C,52,95,200038
C,52,96,173982
C,52,97,193169
C,52,98,220824
C,52,99,220675
C,53,0,192962
C,53,1,184842
C,53,2,209043
C,53,3,184767
C,53,4,194762
C,53,5,204640
C,53,6,202065
C,53,7,188969
C,53,8,200572
C,53,9,201211
C,53,10,209264
C,53,11,179016
C,53,12,207745
C,53,13,186630
C,53,14,205480
C,53,15,204656
C,53,16,193292
C,53,17,178003
C,53,18,189117
C,53,19,206414
C,53,20,183340
C,53,21,208042
C,53,22,206434
C,53,23,190773
C,53,24,212744
C,53,25,205457
C,53,26,184276
C,53,27,207366
C,53,28,192851
C,53,29,211636
C,53,30,224005
C,53,31,174254
C,53,32,205567
C,53,33,209051
C,53,34,194350
C,53,35,196946
C,53,36,221054
C,53,37,183215
C,53,38,176155
C,53,39,191575
C,53,40,203581
C,53,41,176623
C,53,42,218477
C,53,43,194492
C,53,44,195449
C,53,45,193358
C,53,46,190829
C,53,47,215210
C,53,48,193925
C,53,49,207486
C,53,50,220580
C,53,51,185825
C,53,52,189985
C,53,53,201074
C,53,54,209365
C,53,55,186480
C,53,56,192119
C,53,57,201317
C,53,58,197049
C,53,59,219278
C,53,60,213366
C,53,61,160523
C,53,62,210695
C,53,63,176125
C,53,64,198165
C,53,65,207380
C,53,66,186917
C,53,67,206977
C,53,68,201852
C,53,69,193271
C,53,70,205401
C,53,71,207382
C,53,72,199694
C,53,73,220655
C,53,74,209467
C,53,75,208978
C,53,76,193176
C,53,77,204057
C,53,78,215313
C,53,79,212715
C,53,80,220169
C,53,81,177079
C,53,82,192400
C,53,83,222225
C,53,84,204560
C,53,85,196289
C,53,86,218958
C,53,87,206293
C,53,88,186573
C,53,89,198014
C,53,90,210026
C,53,91,198779
C,53,92,187092
C,53,93,190978
C,53,94,201182
C,53,95,198889
C,53,96,194947
C,53,97,194902
C,53,98,200048
C,53,99,226401
C,54,0,209256
C,54,1,218900
C,54,2,216370
C,54,3,199470
C,54,4,225763
C,54,5,243202
C,54,6,218115
C,54,7,235937
C,54,8,238210
C,54,9,222233
C,54,10,248656
C,54,11,210085
C,54,12,227000
C,54,13,213839
C,54,14,241698
C,54,15,202075
C,54,16,208231
C,54,17,207766
C,54,18,225527
C,54,19,239648
C,54,20,204965
C,54,21,218648
C,54,22,223971
C,54,23,217709
C,54,24,248279
C,54,25,246013
C,54,26,240338
C,54,27,214683
C,54,28,230878
C,54,29,226300
C,54,30,229058
C,54,31,220251
C,54,32,223824
C,54,33,237249
C,54,34,205812
C,54,35,222755
C,54,36,230269
C,54,37,222687
C,54,38,202732
C,54,39,233353
C,54,40,232575
C,54,41,209383
C,54,42,225152
C,54,43,211159
C,54,44,227946
C,54,45,206743
C,54,46,198974
C,54,47,223572
C,54,48,213079
C,54,49,226079
C,54,50,233156
C,54,51,191553
C,54,52,222625
C,54,53,222599
C,54,54,246480
C,54,55,225823
C,54,56,213282
C,54,57,212127
C,54,58,231693
C,54,59,224546
C,54,60,221240
C,54,61,213089
C,54,62,253946
C,54,63,192284
C,54,64,212185
C,54,65,229828
C,54,66,220320
C,54,67,232263
C,54,68,224544
C,54,69,204395
C,54,70,207883
C,54,71,236331
C,54,72,199815
C,54,73,229725
C,54,74,237742
C,54,75,232989
C,54,76,206272
C,54,77,216692
C,54,78,231903
C,54,79,244781
C,54,80,230026
C,54,81,208344
C,54,82,213671
C,54,83,243080
C,54,84,228716
C,54,85,220907
C,54,86,242082
C,54,87,211484
C,54,88,214280
C,54,89,224693
C,54,90,226630
C,54,91,221439
C,54,92,218653
C,54,93,206673
C,54,94,228813
C,54,95,209474
C,54,96,194186
C,54,97,204135
C,54,98,239434
C,54,99,236559
C,55,0,214478
C,55,1,222650
C,55,2,239897
C,55,3,216493
C,55,4,234535
C,55,5,249473
C,55,6,226504
C,55,7,223880
C,55,8,234345
C,55,9,231376
C,55,10,237767
C,55,11,212642
C,55,12,249335
C,55,13,218495
C,55,14,227071
C,55,15,228133
C,55,16,233452
C,55,17,203012
C,55,18,230940
C,55,19,254604
C,55,20,208620
C,55,21,221914
C,55,22,228781
C,55,23,209431
C,55,24,242132
C,55,25,238987
C,55,26,230042
C,55,27,226626
C,55,28,232301
C,55,29,238640
C,55,30,249388
C,55,31,213256
C,55,32,233876
C,55,33,228332
C,55,34,230786
C,55,35,239232
C,55,36,245584
C,55,37,224532
C,55,38,223206
C,55,39,241265
C,55,40,250043
C,55,41,209658
C,55,42,247242
C,55,43,217287
C,55,44,221920
C,55,45,232198
C,55,46,211436
C,55,47,237345
C,55,48,233943
C,55,49,242693
C,55,50,245887
C,55,51,212419
C,55,52,225362
C,55,53,228305
C,55,54,237607
C,55,55,234508
C,55,56,220751
C,55,57,225977
C,55,58,240389
C,55,59,238004
C,55,60,223752
C,55,61,195706
C,55,62,249730
C,55,63,210717
C,55,64,227553
C,55,65,249128
C,55,66,241550
C,55,67,244215
C,55,68,241925
C,55,69,203951
C,55,70,230683
C,55,71,245175
C,55,72,223311
C,55,73,262743
C,55,74,252183
C,55,75,262868
C,55,76,212986
C,55,77,229587
C,55,78,240000
C,55,79,258406
C,55,80,259018
C,55,81,207049
C,55,82,228920
C,55,83,261795
C,55,84,235642
C,55,85,232909
C,55,86,226268
C,55,87,236016
C,55,88,220776
C,55,89,229167
C,55,90,243514
C,55,91,222327
C,55,92,228600
C,55,93,224105
C,55,94,239357
C,55,95,216311
C,55,96,213536
C,55,97,217038
C,55,98,237608
C,55,99,244316
C,56,0,199546
C,56,1,214203
C,56,2,221980
C,56,3,203900
C,56,4,232770
C,56,5,233500
C,56,6,221855
C,56,7,228450
C,56,8,220155
C,56,9,226972
C,56,10,235256
C,56,11,218177
C,56,12,242033
C,56,13,207838
C,56,14,221578
C,56,15,211019
C,56,16,208577
C,56,17,195731
C,56,18,213371
C,56,19,227214
C,56,20,209622
C,56,21,230492
C,56,22,235087
C,56,23,207967
C,56,24,239607
C,56,25,232628
C,56,26,241983
C,56,27,215103
C,56,28,223356
C,56,29,239501
C,56,30,248554
C,56,31,207934
C,56,32,237839
C,56,33,214254
C,56,34,216355
C,56,35,224211
C,56,36,218211
C,56,37,219818
C,56,38,214011
C,56,39,236525
C,56,40,251055
C,56,41,198008
C,56,42,244816
C,56,43,231071
C,56,44,221725
C,56,45,216156
C,56,46,220725
C,56,47,214106
C,56,48,225671
C,56,49,211276
C,56,50,203634
C,56,51,201349
C,56,52,234635
C,56,53,227212
C,56,54,237302
C,56,55,238080
C,56,56,232010
C,56,57,215265
C,56,58,226504
C,56,59,217601
C,56,60,239504
C,56,61,208332
C,56,62,244895
C,56,63,215020
C,56,64,219355
C,56,65,230338
C,56,66,221996
C,56,67,214455
C,56,68,233734
C,56,69,208414
C,56,70,226774
C,56,71,240037
C,56,72,205528
C,56,73,251066
C,56,74,222046
C,56,75,240973
C,56,76,210586
C,56,77,218004
C,56,78,232963
